4.001569e+002,1.704587e-003
4.006390e+002,1.929022e-003
4.011211e+002,2.160718e-003
4.016032e+002,2.393584e-003
4.020853e+002,2.599313e-003
4.025674e+002,2.788063e-003
4.030496e+002,2.960338e-003
4.035317e+002,3.134613e-003
4.040138e+002,3.305616e-003
4.044959e+002,3.467472e-003
4.049780e+002,3.590426e-003
4.054601e+002,3.654772e-003
4.059423e+002,3.640503e-003
4.064244e+002,3.558848e-003
4.069065e+002,3.433211e-003
4.073886e+002,3.310675e-003
4.078707e+002,3.231118e-003
4.083528e+002,3.226572e-003
4.088350e+002,3.304087e-003
4.093171e+002,3.441944e-003
4.097992e+002,3.593634e-003
4.102813e+002,3.710822e-003
4.107634e+002,3.795975e-003
4.112455e+002,3.823887e-003
4.117277e+002,3.776905e-003
4.122098e+002,3.659788e-003
4.126919e+002,3.486889e-003
4.131740e+002,3.262979e-003
4.136561e+002,3.013946e-003
4.141382e+002,2.737565e-003
4.146204e+002,2.477989e-003
4.151025e+002,2.245693e-003
4.155846e+002,2.071890e-003
4.160667e+002,1.979025e-003
4.165488e+002,1.975626e-003
4.170309e+002,2.056570e-003
4.175131e+002,2.181101e-003
4.179952e+002,2.346144e-003
4.184773e+002,2.500051e-003
4.189594e+002,2.657906e-003
4.194415e+002,2.819867e-003
4.199236e+002,2.995387e-003
4.204058e+002,3.192406e-003
4.208879e+002,3.399361e-003
4.213700e+002,3.591189e-003
4.218521e+002,3.750244e-003
4.223342e+002,3.858386e-003
4.228163e+002,3.913939e-003
4.232985e+002,3.913595e-003
4.237806e+002,3.842922e-003
4.242627e+002,3.776419e-003
4.247448e+002,3.732540e-003
4.252269e+002,3.715626e-003
4.257090e+002,3.731387e-003
4.261912e+002,3.801878e-003
4.266733e+002,3.908427e-003
4.271554e+002,4.031874e-003
4.276375e+002,4.161071e-003
4.281196e+002,4.281187e-003
4.286017e+002,4.374770e-003
4.290839e+002,4.444690e-003
4.295660e+002,4.477669e-003
4.300481e+002,4.495502e-003
4.305302e+002,4.499853e-003
4.310123e+002,4.493964e-003
4.314944e+002,4.484219e-003
4.319766e+002,4.473860e-003
4.324587e+002,4.465255e-003
4.329408e+002,4.455152e-003
4.334229e+002,4.442261e-003
4.339050e+002,4.429384e-003
4.343871e+002,4.423844e-003
4.348693e+002,4.429765e-003
4.353514e+002,4.453107e-003
4.358335e+002,4.492470e-003
4.363156e+002,4.540515e-003
4.367977e+002,4.584053e-003
4.372798e+002,4.605707e-003
4.377620e+002,4.594041e-003
4.382441e+002,4.547028e-003
4.387262e+002,4.470772e-003
4.392083e+002,4.384851e-003
4.396904e+002,4.309766e-003
4.401725e+002,4.252414e-003
4.406547e+002,4.227700e-003
4.411368e+002,4.235116e-003
4.416189e+002,4.265097e-003
4.421010e+002,4.298250e-003
4.425831e+002,4.334254e-003
4.430652e+002,4.354402e-003
4.435474e+002,4.352764e-003
4.440295e+002,4.336420e-003
4.445116e+002,4.319422e-003
4.449937e+002,4.282821e-003
4.454758e+002,4.234894e-003
4.459579e+002,4.199369e-003
4.464401e+002,4.174317e-003
4.469222e+002,4.170767e-003
4.474043e+002,4.195613e-003
4.478864e+002,4.254431e-003
4.483685e+002,4.340224e-003
4.488506e+002,4.458040e-003
4.493328e+002,4.590570e-003
4.498149e+002,4.686525e-003
4.502970e+002,4.768152e-003
4.507791e+002,4.813441e-003
4.512612e+002,4.829670e-003
4.517433e+002,4.827067e-003
4.522255e+002,4.822812e-003
4.527076e+002,4.832978e-003
4.531897e+002,4.845539e-003
4.536718e+002,4.895227e-003
4.541539e+002,4.964169e-003
4.546360e+002,5.040953e-003
4.551182e+002,5.114310e-003
4.556003e+002,5.178955e-003
4.560824e+002,5.231481e-003
4.565645e+002,5.273726e-003
4.570466e+002,5.316514e-003
4.575287e+002,5.350335e-003
4.580109e+002,5.373203e-003
4.584930e+002,5.374101e-003
4.589751e+002,5.360524e-003
4.594572e+002,5.336531e-003
4.599393e+002,5.279672e-003
4.604214e+002,5.231270e-003
4.609036e+002,5.193525e-003
4.613857e+002,5.182249e-003
4.618678e+002,5.200531e-003
4.623499e+002,5.247405e-003
4.628320e+002,5.317648e-003
4.633141e+002,5.401728e-003
4.637963e+002,5.489264e-003
4.642784e+002,5.549355e-003
4.647605e+002,5.592034e-003
4.652426e+002,5.602570e-003
4.657247e+002,5.626075e-003
4.662068e+002,5.651793e-003
4.666890e+002,5.684850e-003
4.671711e+002,5.735924e-003
4.676532e+002,5.796187e-003
4.681353e+002,5.861349e-003
4.686174e+002,5.925176e-003
4.690995e+002,5.995924e-003
4.695817e+002,6.055539e-003
4.700638e+002,6.112323e-003
4.705459e+002,6.172538e-003
4.710280e+002,6.238819e-003
4.715101e+002,6.254865e-003
4.719922e+002,6.270980e-003
4.724744e+002,6.287680e-003
4.729565e+002,6.219741e-003
4.734386e+002,6.153994e-003
4.739207e+002,6.063445e-003
4.744028e+002,5.958866e-003
4.748849e+002,5.859785e-003
4.753671e+002,5.724133e-003
4.758492e+002,5.651732e-003
4.763313e+002,5.552547e-003
4.768134e+002,5.481322e-003
4.772955e+002,5.424686e-003
4.777777e+002,5.389083e-003
4.782598e+002,5.347039e-003
4.787419e+002,5.343112e-003
4.792240e+002,5.341089e-003
4.797061e+002,5.365129e-003
4.801883e+002,5.405234e-003
4.806704e+002,5.448757e-003
4.811525e+002,5.493510e-003
4.816346e+002,5.527168e-003
4.821167e+002,5.549019e-003
4.825988e+002,5.558348e-003
4.830810e+002,5.558982e-003
4.835631e+002,5.529452e-003
4.840452e+002,5.511866e-003
4.845273e+002,5.460458e-003
4.850094e+002,5.425376e-003
4.854915e+002,5.405739e-003
4.859737e+002,5.378544e-003
4.864558e+002,5.378875e-003
4.869379e+002,5.416292e-003
4.874200e+002,5.449448e-003
4.879021e+002,5.495531e-003
4.883842e+002,5.544879e-003
4.888664e+002,5.590280e-003
4.893485e+002,5.625495e-003
4.898306e+002,5.652915e-003
4.903127e+002,5.673090e-003
4.907948e+002,5.683914e-003
4.912769e+002,5.689606e-003
4.917591e+002,5.718301e-003
4.922412e+002,5.715329e-003
4.927233e+002,5.736138e-003
4.932054e+002,5.756520e-003
4.936875e+002,5.807342e-003
4.941696e+002,5.848192e-003
4.946518e+002,5.916192e-003
4.951339e+002,5.985186e-003
4.956160e+002,6.037237e-003
4.960981e+002,6.080893e-003
4.965802e+002,6.113895e-003
4.970623e+002,6.131176e-003
4.975445e+002,6.149263e-003
4.980266e+002,6.169567e-003
4.985087e+002,6.175804e-003
4.989908e+002,6.166637e-003
4.994729e+002,6.156986e-003
4.999550e+002,6.153645e-003
5.004372e+002,6.099313e-003
5.009193e+002,6.038073e-003
5.014014e+002,5.979474e-003
5.018835e+002,5.936852e-003
5.023656e+002,5.888406e-003
5.028477e+002,5.844579e-003
5.033299e+002,5.821695e-003
5.038120e+002,5.808929e-003
5.042941e+002,5.814638e-003
5.047762e+002,5.829716e-003
5.052583e+002,5.846903e-003
5.057404e+002,5.857826e-003
5.062226e+002,5.877648e-003
5.067047e+002,5.896421e-003
5.071868e+002,5.931334e-003
5.076689e+002,5.975140e-003
5.081510e+002,6.035816e-003
5.086331e+002,6.111905e-003
5.091153e+002,6.186869e-003
5.095974e+002,6.275847e-003
5.100795e+002,6.356177e-003
5.105616e+002,6.437425e-003
5.110437e+002,6.466371e-003
5.115258e+002,6.484575e-003
5.120079e+002,6.482888e-003
5.124901e+002,6.467518e-003
5.129722e+002,6.451814e-003
5.134543e+002,6.456179e-003
5.139364e+002,6.476120e-003
5.144186e+002,6.509981e-003
5.149006e+002,6.550982e-003
5.153828e+002,6.591027e-003
5.158649e+002,6.622843e-003
5.163470e+002,6.631588e-003
5.168291e+002,6.624405e-003
5.173113e+002,6.619245e-003
5.177933e+002,6.612409e-003
5.182755e+002,6.613887e-003
5.187576e+002,6.623231e-003
5.192397e+002,6.618763e-003
5.197218e+002,6.617759e-003
5.202040e+002,6.622578e-003
5.206860e+002,6.635229e-003
5.211682e+002,6.659452e-003
5.216503e+002,6.697651e-003
5.221324e+002,6.751018e-003
5.226145e+002,6.816552e-003
5.230967e+002,6.878494e-003
5.235787e+002,6.951128e-003
5.240609e+002,7.013180e-003
5.245430e+002,7.042189e-003
5.250251e+002,7.065925e-003
5.255072e+002,7.071583e-003
5.259894e+002,7.070008e-003
5.264714e+002,7.065417e-003
5.269536e+002,7.048732e-003
5.274357e+002,7.039124e-003
5.279178e+002,7.044217e-003
5.283999e+002,7.048172e-003
5.288821e+002,7.060433e-003
5.293641e+002,7.081131e-003
5.298463e+002,7.111523e-003
5.303284e+002,7.152183e-003
5.308105e+002,7.203079e-003
5.312926e+002,7.261082e-003
5.317748e+002,7.320316e-003
5.322568e+002,7.371103e-003
5.327390e+002,7.403076e-003
5.332211e+002,7.406059e-003
5.337032e+002,7.374550e-003
5.341853e+002,7.307988e-003
5.346675e+002,7.213639e-003
5.351495e+002,7.104029e-003
5.356317e+002,6.996638e-003
5.361138e+002,6.908700e-003
5.365959e+002,6.855771e-003
5.370780e+002,6.846732e-003
5.375602e+002,6.883987e-003
5.380422e+002,6.960632e-003
5.385244e+002,7.064393e-003
5.390065e+002,7.163647e-003
5.394886e+002,7.268826e-003
5.399707e+002,7.347198e-003
5.404529e+002,7.391525e-003
5.409349e+002,7.400447e-003
5.414171e+002,7.385610e-003
5.418992e+002,7.364109e-003
5.423813e+002,7.333542e-003
5.428634e+002,7.314750e-003
5.433456e+002,7.315564e-003
5.438276e+002,7.317834e-003
5.443098e+002,7.348347e-003
5.447919e+002,7.384975e-003
5.452740e+002,7.427298e-003
5.457561e+002,7.445702e-003
5.462383e+002,7.449181e-003
5.467203e+002,7.450863e-003
5.472025e+002,7.444430e-003
5.476846e+002,7.431942e-003
5.481667e+002,7.413924e-003
5.486488e+002,7.385673e-003
5.491310e+002,7.356029e-003
5.496130e+002,7.330701e-003
5.500952e+002,7.316227e-003
5.505773e+002,7.318951e-003
5.510594e+002,7.342579e-003
5.515415e+002,7.384140e-003
5.520237e+002,7.445604e-003
5.525057e+002,7.518666e-003
5.529879e+002,7.563916e-003
5.534700e+002,7.578078e-003
5.539521e+002,7.571915e-003
5.544342e+002,7.544208e-003
5.549164e+002,7.501822e-003
5.553985e+002,7.458196e-003
5.558806e+002,7.424600e-003
5.563627e+002,7.400322e-003
5.568448e+002,7.394770e-003
5.573270e+002,7.406381e-003
5.578091e+002,7.430139e-003
5.582912e+002,7.459280e-003
5.587733e+002,7.472985e-003
5.592554e+002,7.477695e-003
5.597375e+002,7.487580e-003
5.602197e+002,7.487844e-003
5.607018e+002,7.480723e-003
5.611839e+002,7.474869e-003
5.616660e+002,7.479208e-003
5.621481e+002,7.483545e-003
5.626302e+002,7.488251e-003
5.631124e+002,7.501523e-003
5.635945e+002,7.520459e-003
5.640766e+002,7.539335e-003
5.645587e+002,7.551852e-003
5.650408e+002,7.552661e-003
5.655229e+002,7.539334e-003
5.660051e+002,7.512763e-003
5.664872e+002,7.476774e-003
5.669693e+002,7.436716e-003
5.674514e+002,7.397400e-003
5.679335e+002,7.362859e-003
5.684156e+002,7.310258e-003
5.688978e+002,7.286456e-003
5.693799e+002,7.256468e-003
5.698620e+002,7.241253e-003
5.703441e+002,7.230842e-003
5.708262e+002,7.216475e-003
5.713083e+002,7.205158e-003
5.717905e+002,7.196792e-003
5.722726e+002,7.192884e-003
5.727547e+002,7.183097e-003
5.732368e+002,7.189028e-003
5.737189e+002,7.202891e-003
5.742010e+002,7.225997e-003
5.746832e+002,7.258452e-003
5.751653e+002,7.298910e-003
5.756474e+002,7.343027e-003
5.761295e+002,7.384753e-003
5.766116e+002,7.416439e-003
5.770938e+002,7.431742e-003
5.775759e+002,7.426645e-003
5.780580e+002,7.401763e-003
5.785401e+002,7.361550e-003
5.790222e+002,7.314322e-003
5.795043e+002,7.269085e-003
5.799865e+002,7.234535e-003
5.804686e+002,7.215742e-003
5.809507e+002,7.214713e-003
5.814328e+002,7.229352e-003
5.819149e+002,7.256104e-003
5.823970e+002,7.290117e-003
5.828792e+002,7.327813e-003
5.833613e+002,7.366464e-003
5.838434e+002,7.405065e-003
5.843255e+002,7.442601e-003
5.848076e+002,7.478489e-003
5.852897e+002,7.510709e-003
5.857719e+002,7.537416e-003
5.862540e+002,7.556039e-003
5.867361e+002,7.565533e-003
5.872182e+002,7.566218e-003
5.877003e+002,7.560092e-003
5.881824e+002,7.549889e-003
5.886646e+002,7.538875e-003
5.891467e+002,7.529436e-003
5.896288e+002,7.522997e-003
5.901109e+002,7.519261e-003
5.905930e+002,7.517199e-003
5.910751e+002,7.515089e-003
5.915573e+002,7.511836e-003
5.920394e+002,7.506743e-003
5.925215e+002,7.500288e-003
5.930036e+002,7.493175e-003
5.934857e+002,7.486601e-003
5.939678e+002,7.481124e-003
5.944500e+002,7.477428e-003
5.949321e+002,7.475584e-003
5.954142e+002,7.476191e-003
5.958963e+002,7.479229e-003
5.963784e+002,7.485017e-003
5.968605e+002,7.492592e-003
5.973427e+002,7.500439e-003
5.978248e+002,7.505528e-003
5.983069e+002,7.505040e-003
5.987890e+002,7.496439e-003
5.992711e+002,7.479601e-003
5.997532e+002,7.456629e-003
6.002354e+002,7.432401e-003
6.007175e+002,7.412671e-003
6.011996e+002,7.402784e-003
6.016817e+002,7.405211e-003
6.021638e+002,7.419171e-003
6.026459e+002,7.439944e-003
6.031281e+002,7.461097e-003
6.036102e+002,7.475554e-003
6.040923e+002,7.478707e-003
6.045744e+002,7.468912e-003
6.050565e+002,7.448645e-003
6.055386e+002,7.422677e-003
6.060208e+002,7.397653e-003
6.065029e+002,7.379506e-003
6.069850e+002,7.372828e-003
6.074671e+002,7.379417e-003
6.079492e+002,7.398790e-003
6.084313e+002,7.427937e-003
6.089135e+002,7.462404e-003
6.093956e+002,7.496754e-003
6.098777e+002,7.526089e-003
6.103598e+002,7.546224e-003
6.108419e+002,7.555417e-003
6.113240e+002,7.553802e-003
6.118062e+002,7.544178e-003
6.122883e+002,7.530427e-003
6.127704e+002,7.517510e-003
6.132525e+002,7.509321e-003
6.137346e+002,7.508836e-003
6.142167e+002,7.516994e-003
6.146989e+002,7.533736e-003
6.151810e+002,7.557447e-003
6.156631e+002,7.586099e-003
6.161452e+002,7.616630e-003
6.166273e+002,7.645505e-003
6.171094e+002,7.667992e-003
6.175916e+002,7.679479e-003
6.180737e+002,7.675497e-003
6.185558e+002,7.654061e-003
6.190379e+002,7.616044e-003
6.195200e+002,7.566334e-003
6.200021e+002,7.512329e-003
6.204843e+002,7.462933e-003
6.209664e+002,7.425129e-003
6.214485e+002,7.403037e-003
6.219306e+002,7.396158e-003
6.224127e+002,7.400789e-003
6.228948e+002,7.411080e-003
6.233770e+002,7.421749e-003
6.238591e+002,7.429214e-003
6.243412e+002,7.432850e-003
6.248233e+002,7.434165e-003
6.253054e+002,7.435587e-003
6.257875e+002,7.439212e-003
6.262697e+002,7.446070e-003
6.267518e+002,7.455427e-003
6.272339e+002,7.466000e-003
6.277160e+002,7.475454e-003
6.281981e+002,7.482051e-003
6.286802e+002,7.483396e-003
6.291624e+002,7.477729e-003
6.296445e+002,7.462938e-003
6.301266e+002,7.438117e-003
6.306087e+002,7.403478e-003
6.310908e+002,7.361623e-003
6.315729e+002,7.317209e-003
6.320551e+002,7.276878e-003
6.325372e+002,7.246743e-003
6.330193e+002,7.231589e-003
6.335014e+002,7.232504e-003
6.339835e+002,7.247394e-003
6.344656e+002,7.270761e-003
6.349478e+002,7.296233e-003
6.354299e+002,7.317967e-003
6.359120e+002,7.332420e-003
6.363941e+002,7.338397e-003
6.368762e+002,7.337116e-003
6.373583e+002,7.330295e-003
6.378405e+002,7.319778e-003
6.383226e+002,7.306102e-003
6.388047e+002,7.289692e-003
6.392868e+002,7.270741e-003
6.397689e+002,7.250634e-003
6.402510e+002,7.231855e-003
6.407332e+002,7.218044e-003
6.412153e+002,7.212358e-003
6.416974e+002,7.216988e-003
6.421795e+002,7.231337e-003
6.426616e+002,7.252669e-003
6.431437e+002,7.275921e-003
6.436259e+002,7.295697e-003
6.441080e+002,7.306968e-003
6.445901e+002,7.307127e-003
6.450722e+002,7.295753e-003
6.455543e+002,7.275552e-003
6.460364e+002,7.250930e-003
6.465186e+002,7.227395e-003
6.470007e+002,7.210074e-003
6.474828e+002,7.203117e-003
6.479649e+002,7.208392e-003
6.484470e+002,7.225735e-003
6.489291e+002,7.252763e-003
6.494113e+002,7.285760e-003
6.498934e+002,7.320346e-003
6.503755e+002,7.352729e-003
6.508576e+002,7.379905e-003
6.513397e+002,7.400649e-003
6.518218e+002,7.414875e-003
6.523040e+002,7.423854e-003
6.527861e+002,7.429162e-003
6.532682e+002,7.432662e-003
6.537503e+002,7.435411e-003
6.542324e+002,7.438318e-003
6.547145e+002,7.441401e-003
6.551967e+002,7.444591e-003
6.556788e+002,7.447159e-003
6.561609e+002,7.448762e-003
6.566430e+002,7.449093e-003
6.571251e+002,7.448775e-003
6.576072e+002,7.448661e-003
6.580894e+002,7.450716e-003
6.585715e+002,7.456807e-003
6.590536e+002,7.469166e-003
6.595357e+002,7.488979e-003
6.600178e+002,7.516557e-003
6.604999e+002,7.550795e-003
6.609821e+002,7.589678e-003
6.614642e+002,7.630390e-003
6.619463e+002,7.670535e-003
6.624284e+002,7.708156e-003
6.629105e+002,7.742787e-003
6.633926e+002,7.774721e-003
6.638748e+002,7.805398e-003
6.643569e+002,7.835835e-003
6.648390e+002,7.866339e-003
6.653211e+002,7.894769e-003
6.658032e+002,7.916760e-003
6.662853e+002,7.925938e-003
6.667675e+002,7.917022e-003
6.672496e+002,7.889253e-003
6.677317e+002,7.850156e-003
6.682138e+002,7.812598e-003
6.686959e+002,7.787722e-003
6.691780e+002,7.777152e-003
6.696602e+002,7.776130e-003
6.701423e+002,7.779593e-003
6.706244e+002,7.785254e-003
6.711065e+002,7.791405e-003
6.715886e+002,7.795590e-003
6.720707e+002,7.794071e-003
6.725529e+002,7.783894e-003
6.730350e+002,7.763542e-003
6.735171e+002,7.734784e-003
6.739992e+002,7.701349e-003
6.744813e+002,7.668367e-003
6.749634e+002,7.640025e-003
6.754456e+002,7.618729e-003
6.759277e+002,7.604196e-003
6.764098e+002,7.594498e-003
6.768919e+002,7.586568e-003
6.773740e+002,7.578398e-003
6.778561e+002,7.569064e-003
6.783383e+002,7.559750e-003
6.788204e+002,7.552421e-003
6.793025e+002,7.549378e-003
6.797846e+002,7.551696e-003
6.802667e+002,7.559260e-003
6.807488e+002,7.570371e-003
6.812310e+002,7.582698e-003
6.817131e+002,7.593813e-003
6.821952e+002,7.602152e-003
6.826773e+002,7.606782e-003
6.831594e+002,7.607715e-003
6.836415e+002,7.604796e-003
6.841237e+002,7.598035e-003
6.846058e+002,7.586729e-003
6.850879e+002,7.570642e-003
6.855700e+002,7.549907e-003
6.860521e+002,7.526145e-003
6.865342e+002,7.502291e-003
6.870164e+002,7.482733e-003
6.874985e+002,7.471887e-003
6.879806e+002,7.473563e-003
6.884627e+002,7.489343e-003
6.889448e+002,7.518368e-003
6.894269e+002,7.556907e-003
6.899091e+002,7.599752e-003
6.903912e+002,7.641242e-003
6.908733e+002,7.677304e-003
6.913554e+002,7.706148e-003
6.918375e+002,7.729119e-003
6.923196e+002,7.749600e-003
6.928018e+002,7.772173e-003
6.932839e+002,7.800469e-003
6.937660e+002,7.836434e-003
6.942481e+002,7.879138e-003
6.947302e+002,7.925913e-003
6.952123e+002,7.972741e-003
6.956945e+002,8.016348e-003
6.961766e+002,8.054231e-003
6.966587e+002,8.085817e-003
6.971408e+002,8.111162e-003
6.976229e+002,8.131132e-003
6.981050e+002,8.146165e-003
6.985872e+002,8.156842e-003
6.990693e+002,8.164073e-003
6.995514e+002,8.170308e-003
7.000335e+002,8.179307e-003
7.005156e+002,8.196457e-003
7.009977e+002,8.227274e-003
7.014799e+002,8.275979e-003
7.019620e+002,8.343960e-003
7.024441e+002,8.429657e-003
7.029262e+002,8.528356e-003
7.034083e+002,8.634285e-003
7.038904e+002,8.741479e-003
7.043726e+002,8.845809e-003
7.048547e+002,8.945067e-003
7.053368e+002,9.039583e-003
7.058189e+002,9.130790e-003
7.063010e+002,9.221548e-003
7.067831e+002,9.315202e-003
7.072653e+002,9.416433e-003
7.077474e+002,9.530532e-003
7.082295e+002,9.664138e-003
7.087116e+002,9.823878e-003
7.091937e+002,1.001619e-002
7.096759e+002,1.024545e-002
7.101580e+002,1.051501e-002
7.106401e+002,1.082654e-002
7.111222e+002,1.118189e-002
7.116044e+002,1.158329e-002
7.120864e+002,1.203379e-002
7.125686e+002,1.253563e-002
7.130507e+002,1.308860e-002
7.135328e+002,1.368660e-002
7.140149e+002,1.431683e-002
7.144971e+002,1.495869e-002
7.149791e+002,1.558642e-002
7.154613e+002,1.617088e-002
7.159434e+002,1.668420e-002
7.164255e+002,1.710147e-002
7.169076e+002,1.740316e-002
7.173898e+002,1.757417e-002
7.178718e+002,1.760472e-002
7.183540e+002,1.748909e-002
7.188361e+002,1.722776e-002
7.193182e+002,1.682826e-002
7.198003e+002,1.630778e-002
7.202825e+002,1.569275e-002
7.207645e+002,1.501777e-002
7.212467e+002,1.432117e-002
7.217288e+002,1.364035e-002
7.222109e+002,1.300604e-002
7.226930e+002,1.243981e-002
7.231752e+002,1.195214e-002
7.236572e+002,1.154479e-002
7.241394e+002,1.121333e-002
7.246215e+002,1.095161e-002
7.251036e+002,1.075425e-002
7.255857e+002,1.061871e-002
7.260679e+002,1.054409e-002
7.265499e+002,1.052955e-002
7.270321e+002,1.057024e-002
7.275142e+002,1.065480e-002
7.279963e+002,1.076279e-002
7.284784e+002,1.086542e-002
7.289606e+002,1.092774e-002
7.294426e+002,1.091498e-002
7.299248e+002,1.079816e-002
7.304069e+002,1.056197e-002
7.308890e+002,1.020809e-002
7.313711e+002,9.756739e-003
7.318533e+002,9.242545e-003
7.323353e+002,8.707448e-003
7.328175e+002,8.192125e-003
7.332996e+002,7.728755e-003
7.337817e+002,7.336577e-003
7.342638e+002,7.021544e-003
7.347460e+002,6.778969e-003
7.352280e+002,6.598078e-003
7.357102e+002,6.466183e-003
7.361923e+002,6.371874e-003
7.366744e+002,6.305397e-003
7.371565e+002,6.259070e-003
7.376387e+002,6.225458e-003
7.381207e+002,6.197662e-003
7.386029e+002,6.169199e-003
7.390850e+002,6.135395e-003
7.395671e+002,6.094221e-003
7.400492e+002,6.047035e-003
7.405314e+002,5.997358e-003
7.410134e+002,5.949781e-003
7.414956e+002,5.907926e-003
7.419777e+002,5.873617e-003
7.424598e+002,5.846056e-003
7.429419e+002,5.823186e-003
7.434241e+002,5.802101e-003
7.439061e+002,5.780423e-003
7.443883e+002,5.756629e-003
7.448704e+002,5.729978e-003
7.453525e+002,5.699937e-003
7.458346e+002,5.666364e-003
7.463168e+002,5.629263e-003
7.467988e+002,5.589444e-003
7.472810e+002,5.548735e-003
7.477631e+002,5.509998e-003
7.482452e+002,5.476437e-003
7.487273e+002,5.450945e-003
7.492095e+002,5.434896e-003
7.496915e+002,5.427966e-003
7.501737e+002,5.428394e-003
7.506558e+002,5.433266e-003
7.511379e+002,5.439638e-003
7.516200e+002,5.445036e-003
7.521022e+002,5.447267e-003
7.525842e+002,5.444734e-003
7.530664e+002,5.436010e-003
7.535485e+002,5.420313e-003
7.540306e+002,5.397834e-003
7.545127e+002,5.370441e-003
7.549949e+002,5.341822e-003
7.554769e+002,5.316747e-003
7.559591e+002,5.299956e-003
7.564412e+002,5.294749e-003
7.569233e+002,5.301487e-003
7.574054e+002,5.317585e-003
7.578876e+002,5.338353e-003
7.583696e+002,5.358338e-003
7.588518e+002,5.373209e-003
7.593339e+002,5.380813e-003
7.598160e+002,5.381348e-003
7.602981e+002,5.376899e-003
7.607803e+002,5.369360e-003
7.612623e+002,5.360876e-003
7.617445e+002,5.352616e-003
7.622266e+002,5.345592e-003
7.627087e+002,5.340553e-003
7.631908e+002,5.338260e-003
7.636730e+002,5.339213e-003
7.641550e+002,5.343495e-003
7.646372e+002,5.349898e-003
7.651193e+002,5.356523e-003
7.656014e+002,5.360929e-003
7.660835e+002,5.361168e-003
7.665657e+002,5.356311e-003
7.670477e+002,5.347070e-003
7.675299e+002,5.334808e-003
7.680120e+002,5.321412e-003
7.684941e+002,5.308310e-003
7.689762e+002,5.296269e-003
7.694584e+002,5.285638e-003
7.699404e+002,5.277201e-003
7.704226e+002,5.272217e-003
7.709047e+002,5.272787e-003
7.713868e+002,5.280485e-003
7.718689e+002,5.295579e-003
7.723511e+002,5.315750e-003
7.728331e+002,5.336318e-003
7.733153e+002,5.351015e-003
7.737974e+002,5.354114e-003
7.742795e+002,5.342202e-003
7.747616e+002,5.315627e-003
7.752438e+002,5.278403e-003
7.757258e+002,5.237069e-003
7.762080e+002,5.198323e-003
7.766901e+002,5.167714e-003
7.771722e+002,5.147699e-003
7.776543e+002,5.138148e-003
7.781365e+002,5.136626e-003
7.786185e+002,5.139989e-003
7.791007e+002,5.144675e-003
7.795828e+002,5.147780e-003
7.800649e+002,5.146392e-003
7.805470e+002,5.138300e-003
7.810292e+002,5.121474e-003
7.815112e+002,5.095342e-003
7.819934e+002,5.060866e-003
7.824755e+002,5.021103e-003
7.829576e+002,4.980636e-003
7.834397e+002,4.944464e-003
7.839219e+002,4.916215e-003
7.844039e+002,4.897103e-003
7.848861e+002,4.885433e-003
7.853682e+002,4.877251e-003
7.858503e+002,4.867847e-003
7.863324e+002,4.853697e-003
7.868146e+002,4.833328e-003
7.872966e+002,4.807799e-003
7.877788e+002,4.779780e-003
7.882609e+002,4.752341e-003
7.887430e+002,4.727454e-003
7.892251e+002,4.705771e-003
7.897073e+002,4.686583e-003
7.901893e+002,4.668884e-003
7.906715e+002,4.652035e-003
7.911536e+002,4.636587e-003
7.916357e+002,4.623960e-003
7.921178e+002,4.615959e-003
7.926000e+002,4.613723e-003
7.930820e+002,4.617359e-003
7.935642e+002,4.625862e-003
7.940463e+002,4.637587e-003
7.945284e+002,4.650712e-003
7.950105e+002,4.664114e-003
7.954927e+002,4.677072e-003
7.959747e+002,4.689218e-003
7.964569e+002,4.699789e-003
7.969390e+002,4.707297e-003
7.974211e+002,4.709573e-003
7.979032e+002,4.704399e-003
7.983854e+002,4.690077e-003
7.988674e+002,4.666554e-003
7.993496e+002,4.635543e-003
7.998317e+002,4.600903e-003
8.003138e+002,4.567352e-003
8.007959e+002,4.539743e-003
8.012781e+002,4.521483e-003
8.017601e+002,4.513947e-003
8.022423e+002,4.515782e-003
8.027244e+002,4.523363e-003
8.032065e+002,4.531688e-003
8.036886e+002,4.535587e-003
8.041708e+002,4.530626e-003
8.046528e+002,4.514239e-003
8.051350e+002,4.486021e-003
8.056171e+002,4.447627e-003
8.060992e+002,4.402156e-003
8.065813e+002,4.353742e-003
8.070635e+002,4.306587e-003
8.075455e+002,4.264629e-003
8.080277e+002,4.230852e-003
8.085098e+002,4.207317e-003
8.089919e+002,4.194603e-003
8.094740e+002,4.191983e-003
8.099562e+002,4.197279e-003
8.104382e+002,4.207374e-003
8.109204e+002,4.218671e-003
8.114025e+002,4.227861e-003
8.118846e+002,4.232700e-003
8.123667e+002,4.232479e-003
8.128489e+002,4.227864e-003
8.133309e+002,4.220353e-003
8.138131e+002,4.211493e-003
8.142952e+002,4.202110e-003
8.147773e+002,4.192222e-003
8.152594e+002,4.181132e-003
8.157416e+002,4.168077e-003
8.162236e+002,4.153059e-003
8.167058e+002,4.137058e-003
8.171879e+002,4.122017e-003
8.176700e+002,4.110015e-003
8.181521e+002,4.102631e-003
8.186343e+002,4.100132e-003
8.191163e+002,4.101709e-003
8.195985e+002,4.105423e-003
8.200806e+002,4.109236e-003
8.205627e+002,4.111344e-003
8.210448e+002,4.110543e-003
8.215270e+002,4.105870e-003
8.220090e+002,4.096595e-003
8.224912e+002,4.081964e-003
8.229733e+002,4.061883e-003
8.234554e+002,4.036942e-003
8.239375e+002,4.009684e-003
8.244197e+002,3.983994e-003
8.249017e+002,3.964773e-003
8.253839e+002,3.956064e-003
8.258660e+002,3.959936e-003
8.263481e+002,3.975161e-003
8.268302e+002,3.997589e-003
8.273124e+002,4.021299e-003
8.277944e+002,4.040533e-003
8.282766e+002,4.051461e-003
8.287587e+002,4.053438e-003
8.292408e+002,4.048288e-003
8.297229e+002,4.039480e-003
8.302051e+002,4.030071e-003
8.306871e+002,4.021702e-003
8.311693e+002,4.014428e-003
8.316514e+002,4.007190e-003
8.321335e+002,3.999207e-003
8.326157e+002,3.990891e-003
8.330978e+002,3.983741e-003
8.335799e+002,3.979963e-003
8.340620e+002,3.981050e-003
8.345441e+002,3.987092e-003
8.350262e+002,3.996592e-003
8.355084e+002,4.007136e-003
8.359905e+002,4.016743e-003
8.364726e+002,4.024870e-003
8.369547e+002,4.032324e-003
8.374368e+002,4.040794e-003
8.379189e+002,4.051124e-003
8.384011e+002,4.062278e-003
8.388832e+002,4.071069e-003
8.393653e+002,4.072980e-003
8.398474e+002,4.064085e-003
8.403295e+002,4.042814e-003
8.408116e+002,4.010958e-003
8.412938e+002,3.973498e-003
8.417759e+002,3.936805e-003
8.422580e+002,3.906751e-003
8.427401e+002,3.886416e-003
8.432222e+002,3.875932e-003
8.437043e+002,3.872555e-003
8.441865e+002,3.872799e-003
8.446686e+002,3.873545e-003
8.451507e+002,3.873567e-003
8.456328e+002,3.873526e-003
8.461149e+002,3.875047e-003
8.465970e+002,3.879758e-003
8.470792e+002,3.888179e-003
8.475613e+002,3.899628e-003
8.480434e+002,3.912481e-003
8.485255e+002,3.924742e-003
8.490076e+002,3.934857e-003
8.494897e+002,3.941805e-003
8.499719e+002,3.945051e-003
8.504540e+002,3.944244e-003
8.509361e+002,3.939219e-003
8.514182e+002,3.930304e-003
8.519003e+002,3.918721e-003
8.523824e+002,3.906964e-003
8.528646e+002,3.898564e-003
8.533467e+002,3.897356e-003
8.538288e+002,3.906534e-003
8.543109e+002,3.927275e-003
8.547930e+002,3.958423e-003
8.552751e+002,3.996386e-003
8.557573e+002,4.036291e-003
8.562394e+002,4.072823e-003
8.567215e+002,4.101644e-003
8.572036e+002,4.120027e-003
8.576857e+002,4.127068e-003
8.581678e+002,4.123359e-003
8.586500e+002,4.110989e-003
8.591321e+002,4.092877e-003
8.596142e+002,4.073068e-003
8.600963e+002,4.056077e-003
8.605784e+002,4.046774e-003
8.610605e+002,4.049614e-003
8.615427e+002,4.067539e-003
8.620248e+002,4.101200e-003
8.625069e+002,4.148659e-003
8.629890e+002,4.205600e-003
8.634711e+002,4.266417e-003
8.639532e+002,4.325673e-003
8.644354e+002,4.379290e-003
8.649175e+002,4.425751e-003
8.653996e+002,4.465967e-003
8.658817e+002,4.503091e-003
8.663638e+002,4.541507e-003
8.668459e+002,4.585767e-003
8.673281e+002,4.639707e-003
8.678102e+002,4.705655e-003
8.682923e+002,4.784427e-003
8.687744e+002,4.875009e-003
8.692565e+002,4.974753e-003
8.697386e+002,5.079771e-003
8.702208e+002,5.185256e-003
8.707029e+002,5.286333e-003
8.711850e+002,5.378540e-003
8.716671e+002,5.458110e-003
8.721492e+002,5.522731e-003
8.726313e+002,5.570731e-003
8.731135e+002,5.601488e-003
8.735956e+002,5.614831e-003
8.740777e+002,5.610799e-003
8.745598e+002,5.589987e-003
8.750419e+002,5.553427e-003
8.755240e+002,5.502931e-003
8.760062e+002,5.441163e-003
8.764883e+002,5.371334e-003
8.769704e+002,5.296989e-003
8.774525e+002,5.221257e-003
8.779346e+002,5.146768e-003
8.784167e+002,5.075771e-003
8.788989e+002,5.010019e-003
8.793810e+002,4.951061e-003
8.798631e+002,4.900496e-003
8.803452e+002,4.859488e-003
8.808273e+002,4.828466e-003
8.813094e+002,4.806816e-003
8.817916e+002,4.792769e-003
8.822737e+002,4.783751e-003
8.827558e+002,4.777260e-003
8.832379e+002,4.771528e-003
8.837200e+002,4.766149e-003
8.842021e+002,4.762090e-003
8.846843e+002,4.761291e-003
8.851664e+002,4.765653e-003
8.856485e+002,4.776196e-003
8.861306e+002,4.793025e-003
8.866127e+002,4.815182e-003
8.870948e+002,4.841128e-003
8.875770e+002,4.869580e-003
8.880591e+002,4.899601e-003
8.885412e+002,4.930743e-003
8.890233e+002,4.962390e-003
8.895054e+002,4.993291e-003
8.899875e+002,5.021362e-003
8.904697e+002,5.044091e-003
8.909518e+002,5.059255e-003
8.914339e+002,5.065836e-003
8.919160e+002,5.065026e-003
8.923981e+002,5.060062e-003
8.928802e+002,5.055390e-003
8.933624e+002,5.056083e-003
8.938445e+002,5.065854e-003
8.943266e+002,5.086581e-003
8.948087e+002,5.117861e-003
8.952908e+002,5.157296e-003
8.957729e+002,5.201473e-003
8.962551e+002,5.246688e-003
8.967372e+002,5.289441e-003
8.972193e+002,5.326864e-003
8.977014e+002,5.356457e-003
8.981835e+002,5.376304e-003
8.986656e+002,5.385248e-003
8.991478e+002,5.382963e-003
8.996299e+002,5.370778e-003
9.001120e+002,5.351473e-003
9.005941e+002,5.328919e-003
9.010762e+002,5.307688e-003
9.015583e+002,5.291242e-003
9.020405e+002,5.281469e-003
9.025226e+002,5.278097e-003
9.030047e+002,5.279027e-003
9.034868e+002,5.281145e-003
9.039689e+002,5.281715e-003
9.044510e+002,5.279260e-003
9.049332e+002,5.273873e-003
9.054153e+002,5.267398e-003
9.058974e+002,5.262068e-003
9.063795e+002,5.259741e-003
9.068616e+002,5.261021e-003
9.073438e+002,5.265309e-003
9.078259e+002,5.270860e-003
9.083080e+002,5.275674e-003
9.087901e+002,5.278230e-003
9.092722e+002,5.277916e-003
9.097543e+002,5.275152e-003
9.102365e+002,5.270797e-003
9.107186e+002,5.266035e-003
9.112007e+002,5.261512e-003
9.116828e+002,5.257450e-003
9.121649e+002,5.253774e-003
9.126470e+002,5.250087e-003
9.131292e+002,5.246238e-003
9.136113e+002,5.242256e-003
9.140934e+002,5.238407e-003
9.145755e+002,5.235079e-003
9.150576e+002,5.232435e-003
9.155397e+002,5.230654e-003
9.160219e+002,5.229757e-003
9.165040e+002,5.229772e-003
9.169861e+002,5.231071e-003
9.174682e+002,5.233882e-003
9.179503e+002,5.238819e-003
9.184324e+002,5.246156e-003
9.189146e+002,5.256175e-003
9.193967e+002,5.268957e-003
9.198788e+002,5.284353e-003
9.203609e+002,5.302393e-003
9.208430e+002,5.322805e-003
9.213251e+002,5.345200e-003
9.218073e+002,5.368984e-003
9.222894e+002,5.392690e-003
9.227715e+002,5.414390e-003
9.232536e+002,5.431854e-003
9.237357e+002,5.442913e-003
9.242178e+002,5.446370e-003
9.247000e+002,5.442259e-003
9.251821e+002,5.432572e-003
9.256642e+002,5.420524e-003
9.261463e+002,5.410213e-003
9.266284e+002,5.405825e-003
9.271105e+002,5.410559e-003
9.275927e+002,5.425849e-003
9.280748e+002,5.451234e-003
9.285569e+002,5.484606e-003
9.290390e+002,5.522746e-003
9.295211e+002,5.562128e-003
9.300032e+002,5.599964e-003
9.304854e+002,5.634415e-003
9.309675e+002,5.665136e-003
9.314496e+002,5.692832e-003
9.319317e+002,5.718984e-003
9.324138e+002,5.745024e-003
9.328959e+002,5.771924e-003
9.333781e+002,5.799699e-003
9.338602e+002,5.827688e-003
9.343423e+002,5.854545e-003
9.348244e+002,5.879290e-003
9.353065e+002,5.901170e-003
9.357886e+002,5.920497e-003
9.362708e+002,5.938191e-003
9.367529e+002,5.955685e-003
9.372350e+002,5.974511e-003
9.377171e+002,5.995644e-003
9.381992e+002,6.019482e-003
9.386813e+002,6.045921e-003
9.391635e+002,6.074443e-003
9.396456e+002,6.104743e-003
9.401277e+002,6.136779e-003
9.406098e+002,6.171043e-003
9.410919e+002,6.207784e-003
9.415740e+002,6.247425e-003
9.420562e+002,6.289774e-003
9.425383e+002,6.334135e-003
9.430204e+002,6.379277e-003
9.435025e+002,6.423852e-003
9.439846e+002,6.466761e-003
9.444667e+002,6.507194e-003
9.449489e+002,6.544766e-003
9.454310e+002,6.579492e-003
9.459131e+002,6.611467e-003
9.463952e+002,6.641041e-003
9.468773e+002,6.668790e-003
9.473594e+002,6.695400e-003
9.478416e+002,6.722328e-003
9.483237e+002,6.751740e-003
9.488058e+002,6.785722e-003
9.492879e+002,6.826503e-003
9.497700e+002,6.875640e-003
9.502521e+002,6.933562e-003
9.507343e+002,6.999331e-003
9.512164e+002,7.070831e-003
9.516985e+002,7.144991e-003
9.521806e+002,7.218824e-003
9.526627e+002,7.289386e-003
9.531448e+002,7.354657e-003
9.536270e+002,7.413582e-003
9.541091e+002,7.466040e-003
9.545912e+002,7.512472e-003
9.550733e+002,7.553784e-003
9.555554e+002,7.590930e-003
9.560375e+002,7.624958e-003
9.565197e+002,7.656769e-003
9.570018e+002,7.687589e-003
9.574839e+002,7.718665e-003
9.579660e+002,7.751777e-003
9.584481e+002,7.788775e-003
9.589302e+002,7.831515e-003
9.594124e+002,7.881468e-003
9.598945e+002,7.939502e-003
9.603766e+002,8.005307e-003
9.608587e+002,8.077832e-003
9.613408e+002,8.155065e-003
9.618229e+002,8.234818e-003
9.623051e+002,8.314908e-003
9.627872e+002,8.393596e-003
9.632693e+002,8.469662e-003
9.637514e+002,8.543060e-003
9.642335e+002,8.613726e-003
9.647156e+002,8.682473e-003
9.651978e+002,8.750020e-003
9.656799e+002,8.817631e-003
9.661620e+002,8.886330e-003
9.666441e+002,8.957122e-003
9.671262e+002,9.030990e-003
9.676083e+002,9.108145e-003
9.680905e+002,9.188242e-003
9.685726e+002,9.270347e-003
9.690547e+002,9.352748e-003
9.695368e+002,9.434018e-003
9.700189e+002,9.512969e-003
9.705010e+002,9.589482e-003
9.709832e+002,9.664348e-003
9.714653e+002,9.739097e-003
9.719474e+002,9.815296e-003
9.724295e+002,9.894427e-003
9.729116e+002,9.976720e-003
9.733937e+002,1.006172e-002
9.738759e+002,1.014826e-002
9.743580e+002,1.023517e-002
9.748401e+002,1.032149e-002
9.753222e+002,1.040743e-002
9.758043e+002,1.049367e-002
9.762864e+002,1.058189e-002
9.767686e+002,1.067377e-002
9.772507e+002,1.077112e-002
9.777328e+002,1.087542e-002
9.782149e+002,1.098781e-002
9.786970e+002,1.110890e-002
9.791791e+002,1.123900e-002
9.796613e+002,1.137779e-002
9.801434e+002,1.152433e-002
9.806255e+002,1.167688e-002
9.811076e+002,1.183329e-002
9.815897e+002,1.199107e-002
9.820718e+002,1.214811e-002
9.825540e+002,1.230284e-002
9.830361e+002,1.245425e-002
9.835182e+002,1.260165e-002
9.840003e+002,1.274458e-002
9.844824e+002,1.288218e-002
9.849645e+002,1.301317e-002
9.854467e+002,1.313635e-002
9.859288e+002,1.325053e-002
9.864109e+002,1.335567e-002
9.868930e+002,1.345306e-002
9.873751e+002,1.354489e-002
9.878572e+002,1.363413e-002
9.883394e+002,1.372360e-002
9.888215e+002,1.381554e-002
9.893036e+002,1.391082e-002
9.897857e+002,1.400921e-002
9.902678e+002,1.410976e-002
9.907499e+002,1.421116e-002
9.912321e+002,1.431230e-002
9.917142e+002,1.441253e-002
9.921963e+002,1.451133e-002
9.926784e+002,1.460858e-002
9.931605e+002,1.470387e-002
9.936426e+002,1.479720e-002
9.941248e+002,1.488835e-002
9.946069e+002,1.497792e-002
9.950890e+002,1.506681e-002
9.955711e+002,1.515680e-002
9.960532e+002,1.524948e-002
9.965353e+002,1.534658e-002
9.970175e+002,1.544877e-002
9.974996e+002,1.555604e-002
9.979817e+002,1.566697e-002
9.984638e+002,1.577982e-002
9.989459e+002,1.589239e-002
9.994280e+002,1.600257e-002
9.999102e+002,1.610893e-002
1.000392e+003,1.621063e-002
1.000874e+003,1.630737e-002
1.001357e+003,1.639966e-002
1.001839e+003,1.648827e-002
1.002321e+003,1.657484e-002
1.002803e+003,1.666121e-002
1.003285e+003,1.674969e-002
1.003767e+003,1.684223e-002
1.004249e+003,1.694046e-002
1.004731e+003,1.704468e-002
1.005213e+003,1.715413e-002
1.005696e+003,1.726621e-002
1.006178e+003,1.737756e-002
1.006660e+003,1.748406e-002
1.007142e+003,1.758240e-002
1.007624e+003,1.767040e-002
1.008106e+003,1.774785e-002
1.008588e+003,1.781648e-002
1.009070e+003,1.787954e-002
1.009552e+003,1.794105e-002
1.010035e+003,1.800485e-002
1.010517e+003,1.807384e-002
1.010999e+003,1.814945e-002
1.011481e+003,1.823155e-002
1.011963e+003,1.831932e-002
1.012445e+003,1.841070e-002
1.012927e+003,1.850414e-002
1.013409e+003,1.859823e-002
1.013892e+003,1.869199e-002
1.014374e+003,1.878452e-002
1.014856e+003,1.887515e-002
1.015338e+003,1.896281e-002
1.015820e+003,1.904649e-002
1.016302e+003,1.912509e-002
1.016784e+003,1.919847e-002
1.017266e+003,1.926677e-002
1.017749e+003,1.933163e-002
1.018231e+003,1.939498e-002
1.018713e+003,1.945900e-002
1.019195e+003,1.952518e-002
1.019677e+003,1.959404e-002
1.020159e+003,1.966435e-002
1.020641e+003,1.973417e-002
1.021123e+003,1.980099e-002
1.021605e+003,1.986309e-002
1.022088e+003,1.992000e-002
1.022570e+003,1.997303e-002
1.023052e+003,2.002459e-002
1.023534e+003,2.007768e-002
1.024016e+003,2.013410e-002
1.024498e+003,2.019455e-002
1.024980e+003,2.025754e-002
1.025462e+003,2.032047e-002
1.025945e+003,2.038021e-002
1.026427e+003,2.043531e-002
1.026909e+003,2.048590e-002
1.027391e+003,2.053439e-002
1.027873e+003,2.058409e-002
1.028355e+003,2.063819e-002
1.028837e+003,2.069766e-002
1.029319e+003,2.076070e-002
1.029802e+003,2.082263e-002
1.030284e+003,2.087716e-002
1.030766e+003,2.091793e-002
1.031248e+003,2.094095e-002
1.031730e+003,2.094491e-002
1.032212e+003,2.093203e-002
1.032694e+003,2.090653e-002
1.033176e+003,2.087363e-002
1.033658e+003,2.083729e-002
1.034141e+003,2.079999e-002
1.034623e+003,2.076195e-002
1.035105e+003,2.072216e-002
1.035587e+003,2.067907e-002
1.036069e+003,2.063156e-002
1.036551e+003,2.057902e-002
1.037033e+003,2.052198e-002
1.037515e+003,2.046105e-002
1.037997e+003,2.039735e-002
1.038479e+003,2.033161e-002
1.038962e+003,2.026449e-002
1.039444e+003,2.019660e-002
1.039926e+003,2.012878e-002
1.040408e+003,2.006142e-002
1.040890e+003,1.999503e-002
1.041372e+003,1.992960e-002
1.041854e+003,1.986516e-002
1.042336e+003,1.980193e-002
1.042819e+003,1.974120e-002
1.043301e+003,1.968503e-002
1.043783e+003,1.963703e-002
1.044265e+003,1.960043e-002
1.044747e+003,1.957805e-002
1.045229e+003,1.957068e-002
1.045711e+003,1.957677e-002
1.046193e+003,1.959216e-002
1.046676e+003,1.961172e-002
1.047158e+003,1.962996e-002
1.047640e+003,1.964315e-002
1.048122e+003,1.964952e-002
1.048604e+003,1.964997e-002
1.049086e+003,1.964666e-002
1.049568e+003,1.964284e-002
1.050050e+003,1.964109e-002
1.050532e+003,1.964326e-002
1.051015e+003,1.964950e-002
1.051497e+003,1.965919e-002
1.051979e+003,1.967105e-002
1.052461e+003,1.968352e-002
1.052943e+003,1.969492e-002
1.053425e+003,1.970369e-002
1.053907e+003,1.970842e-002
1.054389e+003,1.970807e-002
1.054872e+003,1.970156e-002
1.055354e+003,1.968857e-002
1.055836e+003,1.966892e-002
1.056318e+003,1.964310e-002
1.056800e+003,1.961129e-002
1.057282e+003,1.957396e-002
1.057764e+003,1.953101e-002
1.058246e+003,1.948244e-002
1.058729e+003,1.942820e-002
1.059211e+003,1.936822e-002
1.059693e+003,1.930282e-002
1.060175e+003,1.923206e-002
1.060657e+003,1.915588e-002
1.061139e+003,1.907412e-002
1.061621e+003,1.898635e-002
1.062103e+003,1.889259e-002
1.062585e+003,1.879317e-002
1.063068e+003,1.868943e-002
1.063550e+003,1.858334e-002
1.064032e+003,1.847721e-002
1.064514e+003,1.837282e-002
1.064996e+003,1.827143e-002
1.065478e+003,1.817287e-002
1.065960e+003,1.807659e-002
1.066442e+003,1.798172e-002
1.066924e+003,1.788767e-002
1.067406e+003,1.779461e-002
1.067889e+003,1.770339e-002
1.068371e+003,1.761469e-002
1.068853e+003,1.752898e-002
1.069335e+003,1.744542e-002
1.069817e+003,1.736258e-002
1.070299e+003,1.727836e-002
1.070781e+003,1.719119e-002
1.071263e+003,1.710040e-002
1.071746e+003,1.700669e-002
1.072228e+003,1.691150e-002
1.072710e+003,1.681671e-002
1.073192e+003,1.672365e-002
1.073674e+003,1.663292e-002
1.074156e+003,1.654399e-002
1.074638e+003,1.645603e-002
1.075120e+003,1.636813e-002
1.075603e+003,1.627981e-002
1.076085e+003,1.619111e-002
1.076567e+003,1.610205e-002
1.077049e+003,1.601252e-002
1.077531e+003,1.592200e-002
1.078013e+003,1.582974e-002
1.078495e+003,1.573515e-002
1.078977e+003,1.563840e-002
1.079459e+003,1.554125e-002
1.079942e+003,1.544619e-002
1.080424e+003,1.535640e-002
1.080906e+003,1.527447e-002
1.081388e+003,1.520194e-002
1.081870e+003,1.513837e-002
1.082352e+003,1.508201e-002
1.082834e+003,1.503031e-002
1.083316e+003,1.498107e-002
1.083799e+003,1.493303e-002
1.084281e+003,1.488663e-002
1.084763e+003,1.484289e-002
1.085245e+003,1.480376e-002
1.085727e+003,1.477027e-002
1.086209e+003,1.474304e-002
1.086691e+003,1.472166e-002
1.087173e+003,1.470558e-002
1.087656e+003,1.469410e-002
1.088138e+003,1.468741e-002
1.088620e+003,1.468566e-002
1.089102e+003,1.468979e-002
1.089584e+003,1.469932e-002
1.090066e+003,1.471309e-002
1.090548e+003,1.472793e-002
1.091030e+003,1.474065e-002
1.091512e+003,1.474722e-002
1.091995e+003,1.474522e-002
1.092477e+003,1.473430e-002
1.092959e+003,1.471635e-002
1.093441e+003,1.469512e-002
1.093923e+003,1.467537e-002
1.094405e+003,1.466120e-002
1.094887e+003,1.465552e-002
1.095369e+003,1.465880e-002
1.095851e+003,1.467000e-002
1.096333e+003,1.468652e-002
1.096816e+003,1.470583e-002
1.097298e+003,1.472596e-002
1.097780e+003,1.474621e-002
1.098262e+003,1.476712e-002
1.098744e+003,1.478988e-002
1.099226e+003,1.481552e-002
1.099708e+003,1.484464e-002
1.100190e+003,1.487668e-002
1.100673e+003,1.491041e-002
1.101155e+003,1.494387e-002
1.101637e+003,1.497548e-002
1.102119e+003,1.500391e-002
1.102601e+003,1.502896e-002
1.103083e+003,1.505065e-002
1.103565e+003,1.506990e-002
1.104047e+003,1.508742e-002
1.104530e+003,1.510360e-002
1.105012e+003,1.511812e-002
1.105494e+003,1.513008e-002
1.105976e+003,1.513770e-002
1.106458e+003,1.513893e-002
1.106940e+003,1.513148e-002
1.107422e+003,1.511385e-002
1.107904e+003,1.508541e-002
1.108386e+003,1.504665e-002
1.108869e+003,1.499896e-002
1.109351e+003,1.494487e-002
1.109833e+003,1.488649e-002
1.110315e+003,1.482553e-002
1.110797e+003,1.476216e-002
1.111279e+003,1.469513e-002
1.111761e+003,1.462252e-002
1.112243e+003,1.454190e-002
1.112726e+003,1.445176e-002
1.113208e+003,1.435206e-002
1.113690e+003,1.424475e-002
1.114172e+003,1.413301e-002
1.114654e+003,1.402073e-002
1.115136e+003,1.391158e-002
1.115618e+003,1.380775e-002
1.116100e+003,1.370996e-002
1.116583e+003,1.361724e-002
1.117065e+003,1.352740e-002
1.117547e+003,1.343802e-002
1.118029e+003,1.334669e-002
1.118511e+003,1.325166e-002
1.118993e+003,1.315224e-002
1.119475e+003,1.304849e-002
1.119957e+003,1.294148e-002
1.120439e+003,1.283265e-002
1.120922e+003,1.272397e-002
1.121404e+003,1.261704e-002
1.121886e+003,1.251339e-002
1.122368e+003,1.241336e-002
1.122850e+003,1.231644e-002
1.123332e+003,1.222098e-002
1.123814e+003,1.212474e-002
1.124296e+003,1.202524e-002
1.124778e+003,1.192059e-002
1.125260e+003,1.180971e-002
1.125743e+003,1.169286e-002
1.126225e+003,1.157124e-002
1.126707e+003,1.144696e-002
1.127189e+003,1.132230e-002
1.127671e+003,1.119943e-002
1.128153e+003,1.108034e-002
1.128635e+003,1.096615e-002
1.129117e+003,1.085751e-002
1.129600e+003,1.075466e-002
1.130082e+003,1.065725e-002
1.130564e+003,1.056453e-002
1.131046e+003,1.047556e-002
1.131528e+003,1.038932e-002
1.132010e+003,1.030520e-002
1.132492e+003,1.022251e-002
1.132974e+003,1.014130e-002
1.133457e+003,1.006147e-002
1.133939e+003,9.983084e-003
1.134421e+003,9.905636e-003
1.134903e+003,9.828671e-003
1.135385e+003,9.752031e-003
1.135867e+003,9.675919e-003
1.136349e+003,9.601737e-003
1.136831e+003,9.531891e-003
1.137313e+003,9.469536e-003
1.137796e+003,9.417577e-003
1.138278e+003,9.377715e-003
1.138760e+003,9.349396e-003
1.139242e+003,9.330071e-003
1.139724e+003,9.315529e-003
1.140206e+003,9.301241e-003
1.140688e+003,9.283648e-003
1.141170e+003,9.261730e-003
1.141653e+003,9.237239e-003
1.142135e+003,9.214295e-003
1.142617e+003,9.198083e-003
1.143099e+003,9.193346e-003
1.143581e+003,9.203018e-003
1.144063e+003,9.227332e-003
1.144545e+003,9.264261e-003
1.145027e+003,9.310072e-003
1.145510e+003,9.360538e-003
1.145992e+003,9.411995e-003
1.146474e+003,9.461586e-003
1.146956e+003,9.507959e-003
1.147438e+003,9.550334e-003
1.147920e+003,9.588612e-003
1.148402e+003,9.622660e-003
1.148884e+003,9.652640e-003
1.149366e+003,9.678815e-003
1.149849e+003,9.702110e-003
1.150331e+003,9.723897e-003
1.150813e+003,9.746337e-003
1.151295e+003,9.771453e-003
1.151777e+003,9.801123e-003
1.152259e+003,9.836356e-003
1.152741e+003,9.877250e-003
1.153223e+003,9.922294e-003
1.153705e+003,9.969553e-003
1.154188e+003,1.001639e-002
1.154670e+003,1.006024e-002
1.155152e+003,1.009916e-002
1.155634e+003,1.013183e-002
1.156116e+003,1.015765e-002
1.156598e+003,1.017692e-002
1.157080e+003,1.019007e-002
1.157562e+003,1.019744e-002
1.158044e+003,1.019929e-002
1.158527e+003,1.019549e-002
1.159009e+003,1.018547e-002
1.159491e+003,1.016845e-002
1.159973e+003,1.014372e-002
1.160455e+003,1.011094e-002
1.160937e+003,1.006965e-002
1.161419e+003,1.002005e-002
1.161901e+003,9.962176e-003
1.162384e+003,9.896364e-003
1.162866e+003,9.822791e-003
1.163348e+003,9.741783e-003
1.163830e+003,9.653870e-003
1.164312e+003,9.559667e-003
1.164794e+003,9.460075e-003
1.165276e+003,9.356226e-003
1.165758e+003,9.248638e-003
1.166240e+003,9.137896e-003
1.166723e+003,9.023536e-003
1.167205e+003,8.905074e-003
1.167687e+003,8.781421e-003
1.168169e+003,8.652076e-003
1.168651e+003,8.517324e-003
1.169133e+003,8.378487e-003
1.169615e+003,8.237912e-003
1.170097e+003,8.098505e-003
1.170580e+003,7.963198e-003
1.171062e+003,7.834295e-003
1.171544e+003,7.712947e-003
1.172026e+003,7.599375e-003
1.172508e+003,7.492502e-003
1.172990e+003,7.391286e-003
1.173472e+003,7.294835e-003
1.173954e+003,7.202727e-003
1.174437e+003,7.115460e-003
1.174919e+003,7.033656e-003
1.175401e+003,6.957967e-003
1.175883e+003,6.888306e-003
1.176365e+003,6.823618e-003
1.176847e+003,6.761919e-003
1.177329e+003,6.700796e-003
1.177811e+003,6.637817e-003
1.178293e+003,6.571497e-003
1.178776e+003,6.501033e-003
1.179258e+003,6.427226e-003
1.179740e+003,6.351775e-003
1.180222e+003,6.276950e-003
1.180704e+003,6.205122e-003
1.181186e+003,6.138422e-003
1.181668e+003,6.078125e-003
1.182150e+003,6.025085e-003
1.182632e+003,5.979460e-003
1.183115e+003,5.941179e-003
1.183597e+003,5.909856e-003
1.184079e+003,5.885076e-003
1.184561e+003,5.865568e-003
1.185043e+003,5.851434e-003
1.185525e+003,5.842057e-003
1.186007e+003,5.836454e-003
1.186489e+003,5.833096e-003
1.186971e+003,5.830660e-003
1.187454e+003,5.827901e-003
1.187936e+003,5.824074e-003
1.188418e+003,5.819443e-003
1.188900e+003,5.814792e-003
1.189382e+003,5.811942e-003
1.189864e+003,5.812562e-003
1.190346e+003,5.818476e-003
1.190828e+003,5.830911e-003
1.191311e+003,5.850277e-003
1.191793e+003,5.875811e-003
1.192275e+003,5.906028e-003
1.192757e+003,5.938808e-003
1.193239e+003,5.971906e-003
1.193721e+003,6.003403e-003
1.194203e+003,6.032332e-003
1.194685e+003,6.058721e-003
1.195167e+003,6.083483e-003
1.195650e+003,6.107679e-003
1.196132e+003,6.132408e-003
1.196614e+003,6.157675e-003
1.197096e+003,6.182776e-003
1.197578e+003,6.206256e-003
1.198060e+003,6.226815e-003
1.198542e+003,6.243465e-003
1.199024e+003,6.256781e-003
1.199507e+003,6.268264e-003
1.199989e+003,6.280190e-003
1.200471e+003,6.294498e-003
1.200953e+003,6.312188e-003
1.201435e+003,6.332654e-003
1.201917e+003,6.353470e-003
1.202399e+003,6.371559e-003
1.202881e+003,6.383588e-003
1.203364e+003,6.387490e-003
1.203846e+003,6.382993e-003
1.204328e+003,6.371734e-003
1.204810e+003,6.356903e-003
1.205292e+003,6.341876e-003
1.205774e+003,6.329646e-003
1.206256e+003,6.321543e-003
1.206738e+003,6.316911e-003
1.207220e+003,6.313781e-003
1.207703e+003,6.308828e-003
1.208185e+003,6.299061e-003
1.208667e+003,6.282052e-003
1.209149e+003,6.257013e-003
1.209631e+003,6.224525e-003
1.210113e+003,6.186792e-003
1.210595e+003,6.146983e-003
1.211077e+003,6.108465e-003
1.211559e+003,6.074251e-003
1.212042e+003,6.046833e-003
1.212524e+003,6.027247e-003
1.213006e+003,6.015810e-003
1.213488e+003,6.011657e-003
1.213970e+003,6.013389e-003
1.214452e+003,6.019332e-003
1.214934e+003,6.027580e-003
1.215416e+003,6.037193e-003
1.215898e+003,6.047320e-003
1.216381e+003,6.058409e-003
1.216863e+003,6.071146e-003
1.217345e+003,6.086547e-003
1.217827e+003,6.105407e-003
1.218309e+003,6.127889e-003
1.218791e+003,6.153310e-003
1.219273e+003,6.180425e-003
1.219755e+003,6.207497e-003
1.220238e+003,6.233425e-003
1.220720e+003,6.257654e-003
1.221202e+003,6.280501e-003
1.221684e+003,6.302823e-003
1.222166e+003,6.325422e-003
1.222648e+003,6.348541e-003
1.223130e+003,6.371849e-003
1.223612e+003,6.394241e-003
1.224094e+003,6.414811e-003
1.224577e+003,6.433389e-003
1.225059e+003,6.451035e-003
1.225541e+003,6.469796e-003
1.226023e+003,6.491964e-003
1.226505e+003,6.518914e-003
1.226987e+003,6.550447e-003
1.227469e+003,6.584551e-003
1.227951e+003,6.617880e-003
1.228434e+003,6.647095e-003
1.228916e+003,6.670160e-003
1.229398e+003,6.687302e-003
1.229880e+003,6.701014e-003
1.230362e+003,6.714756e-003
1.230844e+003,6.732075e-003
1.231326e+003,6.754830e-003
1.231808e+003,6.782804e-003
1.232291e+003,6.814110e-003
1.232773e+003,6.846053e-003
1.233255e+003,6.876277e-003
1.233737e+003,6.904094e-003
1.234219e+003,6.930214e-003
1.234701e+003,6.956016e-003
1.235183e+003,6.982655e-003
1.235665e+003,7.010460e-003
1.236147e+003,7.038120e-003
1.236630e+003,7.063382e-003
1.237112e+003,7.084300e-003
1.237594e+003,7.099706e-003
1.238076e+003,7.110001e-003
1.238558e+003,7.116786e-003
1.239040e+003,7.122369e-003
1.239522e+003,7.128919e-003
1.240004e+003,7.137365e-003
1.240486e+003,7.147845e-003
1.240969e+003,7.159212e-003
1.241451e+003,7.170191e-003
1.241933e+003,7.179468e-003
1.242415e+003,7.186453e-003
1.242897e+003,7.190940e-003
1.243379e+003,7.193141e-003
1.243861e+003,7.193859e-003
1.244343e+003,7.193795e-003
1.244825e+003,7.193700e-003
1.245308e+003,7.194042e-003
1.245790e+003,7.195048e-003
1.246272e+003,7.196338e-003
1.246754e+003,7.197037e-003
1.247236e+003,7.195895e-003
1.247718e+003,7.191911e-003
1.248200e+003,7.184794e-003
1.248682e+003,7.175363e-003
1.249165e+003,7.166092e-003
1.249647e+003,7.159707e-003
1.250129e+003,7.159139e-003
1.250611e+003,7.166364e-003
1.251093e+003,7.181703e-003
1.251575e+003,7.203809e-003
1.252057e+003,7.230637e-003
1.252539e+003,7.259956e-003
1.253021e+003,7.290481e-003
1.253504e+003,7.322027e-003
1.253986e+003,7.355277e-003
1.254468e+003,7.390978e-003
1.254950e+003,7.429197e-003
1.255432e+003,7.468786e-003
1.255914e+003,7.507431e-003
1.256396e+003,7.542496e-003
1.256878e+003,7.571562e-003
1.257361e+003,7.593342e-003
1.257843e+003,7.607605e-003
1.258325e+003,7.615278e-003
1.258807e+003,7.618033e-003
1.259289e+003,7.617620e-003
1.259771e+003,7.615993e-003
1.260253e+003,7.615065e-003
1.260735e+003,7.616796e-003
1.261218e+003,7.622566e-003
1.261700e+003,7.633569e-003
1.262182e+003,7.649335e-003
1.262664e+003,7.668161e-003
1.263146e+003,7.686753e-003
1.263628e+003,7.701257e-003
1.264110e+003,7.708218e-003
1.264592e+003,7.706020e-003
1.265074e+003,7.695078e-003
1.265557e+003,7.678309e-003
1.266039e+003,7.659681e-003
1.266521e+003,7.643198e-003
1.267003e+003,7.632088e-003
1.267485e+003,7.627304e-003
1.267967e+003,7.628143e-003
1.268449e+003,7.632704e-003
1.268931e+003,7.638572e-003
1.269414e+003,7.643815e-003
1.269896e+003,7.646983e-003
1.270378e+003,7.647629e-003
1.270860e+003,7.645764e-003
1.271342e+003,7.641499e-003
1.271824e+003,7.635107e-003
1.272306e+003,7.626655e-003
1.272788e+003,7.616436e-003
1.273271e+003,7.605046e-003
1.273753e+003,7.593190e-003
1.274235e+003,7.582043e-003
1.274717e+003,7.572717e-003
1.275199e+003,7.566564e-003
1.275681e+003,7.564437e-003
1.276163e+003,7.567359e-003
1.276645e+003,7.575446e-003
1.277127e+003,7.588626e-003
1.277609e+003,7.606055e-003
1.278092e+003,7.626347e-003
1.278574e+003,7.647740e-003
1.279056e+003,7.668362e-003
1.279538e+003,7.686670e-003
1.280020e+003,7.701829e-003
1.280502e+003,7.712957e-003
1.280984e+003,7.719488e-003
1.281466e+003,7.720813e-003
1.281948e+003,7.716155e-003
1.282431e+003,7.704998e-003
1.282913e+003,7.687575e-003
1.283395e+003,7.665246e-003
1.283877e+003,7.641175e-003
1.284359e+003,7.619442e-003
1.284841e+003,7.604457e-003
1.285323e+003,7.599989e-003
1.285805e+003,7.607364e-003
1.286288e+003,7.625814e-003
1.286770e+003,7.652156e-003
1.287252e+003,7.682051e-003
1.287734e+003,7.711301e-003
1.288216e+003,7.736887e-003
1.288698e+003,7.757823e-003
1.289180e+003,7.774904e-003
1.289662e+003,7.790613e-003
1.290145e+003,7.808082e-003
1.290627e+003,7.830251e-003
1.291109e+003,7.859704e-003
1.291591e+003,7.898407e-003
1.292073e+003,7.947016e-003
1.292555e+003,8.005475e-003
1.293037e+003,8.072182e-003
1.293519e+003,8.144497e-003
1.294001e+003,8.218737e-003
1.294484e+003,8.290665e-003
1.294966e+003,8.356782e-003
1.295448e+003,8.414923e-003
1.295930e+003,8.465206e-003
1.296412e+003,8.509605e-003
1.296894e+003,8.551607e-003
1.297376e+003,8.595433e-003
1.297858e+003,8.644210e-003
1.298341e+003,8.699581e-003
1.298823e+003,8.761555e-003
1.299305e+003,8.828785e-003
1.299787e+003,8.899048e-003
1.300269e+003,8.970513e-003
1.300751e+003,9.042047e-003
1.301233e+003,9.113569e-003
1.301715e+003,9.185744e-003
1.302198e+003,9.259596e-003
1.302680e+003,9.336195e-003
1.303162e+003,9.416203e-003
1.303644e+003,9.499615e-003
1.304126e+003,9.585831e-003
1.304608e+003,9.673851e-003
1.305090e+003,9.762470e-003
1.305572e+003,9.850145e-003
1.306054e+003,9.935573e-003
1.306536e+003,1.001765e-002
1.307019e+003,1.009563e-002
1.307501e+003,1.016908e-002
1.307983e+003,1.023830e-002
1.308465e+003,1.030342e-002
1.308947e+003,1.036549e-002
1.309429e+003,1.042551e-002
1.309911e+003,1.048479e-002
1.310393e+003,1.054439e-002
1.310875e+003,1.060496e-002
1.311358e+003,1.066622e-002
1.311840e+003,1.072716e-002
1.312322e+003,1.078586e-002
1.312804e+003,1.084001e-002
1.313286e+003,1.088740e-002
1.313768e+003,1.092692e-002
1.314250e+003,1.095851e-002
1.314732e+003,1.098319e-002
1.315215e+003,1.100265e-002
1.315697e+003,1.101852e-002
1.316179e+003,1.103158e-002
1.316661e+003,1.104181e-002
1.317143e+003,1.104810e-002
1.317625e+003,1.104914e-002
1.318107e+003,1.104403e-002
1.318589e+003,1.103261e-002
1.319072e+003,1.101519e-002
1.319554e+003,1.099280e-002
1.320036e+003,1.096625e-002
1.320518e+003,1.093593e-002
1.321000e+003,1.090194e-002
1.321482e+003,1.086441e-002
1.321964e+003,1.082405e-002
1.322446e+003,1.078266e-002
1.322928e+003,1.074204e-002
1.323411e+003,1.070461e-002
1.323893e+003,1.067172e-002
1.324375e+003,1.064363e-002
1.324857e+003,1.061886e-002
1.325339e+003,1.059555e-002
1.325821e+003,1.057160e-002
1.326303e+003,1.054610e-002
1.326785e+003,1.051923e-002
1.327268e+003,1.049252e-002
1.327750e+003,1.046763e-002
1.328232e+003,1.044605e-002
1.328714e+003,1.042826e-002
1.329196e+003,1.041393e-002
1.329678e+003,1.040209e-002
1.330160e+003,1.039210e-002
1.330642e+003,1.038349e-002
1.331125e+003,1.037654e-002
1.331607e+003,1.037144e-002
1.332089e+003,1.036805e-002
1.332571e+003,1.036580e-002
1.333053e+003,1.036384e-002
1.333535e+003,1.036160e-002
1.334017e+003,1.035936e-002
1.334499e+003,1.035828e-002
1.334981e+003,1.036030e-002
1.335464e+003,1.036693e-002
1.335946e+003,1.037888e-002
1.336428e+003,1.039509e-002
1.336910e+003,1.041327e-002
1.337392e+003,1.043047e-002
1.337874e+003,1.044440e-002
1.338356e+003,1.045386e-002
1.338838e+003,1.045948e-002
1.339320e+003,1.046279e-002
1.339802e+003,1.046591e-002
1.340285e+003,1.047042e-002
1.340767e+003,1.047694e-002
1.341249e+003,1.048518e-002
1.341731e+003,1.049432e-002
1.342213e+003,1.050342e-002
1.342695e+003,1.051207e-002
1.343177e+003,1.052031e-002
1.343659e+003,1.052872e-002
1.344142e+003,1.053749e-002
1.344624e+003,1.054678e-002
1.345106e+003,1.055650e-002
1.345588e+003,1.056694e-002
1.346070e+003,1.057871e-002
1.346552e+003,1.059328e-002
1.347034e+003,1.061225e-002
1.347516e+003,1.063736e-002
1.347999e+003,1.066958e-002
1.348481e+003,1.070915e-002
1.348963e+003,1.075530e-002
1.349445e+003,1.080686e-002
1.349927e+003,1.086244e-002
1.350409e+003,1.092056e-002
1.350891e+003,1.097974e-002
1.351373e+003,1.103837e-002
1.351855e+003,1.109452e-002
1.352338e+003,1.114635e-002
1.352820e+003,1.119250e-002
1.353302e+003,1.123247e-002
1.353784e+003,1.126704e-002
1.354266e+003,1.129790e-002
1.354748e+003,1.132723e-002
1.355230e+003,1.135732e-002
1.355712e+003,1.138933e-002
1.356195e+003,1.142410e-002
1.356677e+003,1.146206e-002
1.357159e+003,1.150386e-002
1.357641e+003,1.155097e-002
1.358123e+003,1.160566e-002
1.358605e+003,1.167006e-002
1.359087e+003,1.174554e-002
1.359569e+003,1.183200e-002
1.360052e+003,1.192715e-002
1.360534e+003,1.202754e-002
1.361016e+003,1.212930e-002
1.361498e+003,1.222914e-002
1.361980e+003,1.232514e-002
1.362462e+003,1.241695e-002
1.362944e+003,1.250555e-002
1.363426e+003,1.259230e-002
1.363908e+003,1.267856e-002
1.364391e+003,1.276471e-002
1.364873e+003,1.285076e-002
1.365355e+003,1.293566e-002
1.365837e+003,1.301898e-002
1.366319e+003,1.310013e-002
1.366801e+003,1.317935e-002
1.367283e+003,1.325668e-002
1.367765e+003,1.333159e-002
1.368247e+003,1.340291e-002
1.368729e+003,1.346916e-002
1.369212e+003,1.352893e-002
1.369694e+003,1.358197e-002
1.370176e+003,1.362899e-002
1.370658e+003,1.367231e-002
1.371140e+003,1.371484e-002
1.371622e+003,1.375994e-002
1.372104e+003,1.381043e-002
1.372586e+003,1.386837e-002
1.373069e+003,1.393414e-002
1.373551e+003,1.400653e-002
1.374033e+003,1.408299e-002
1.374515e+003,1.415918e-002
1.374997e+003,1.423059e-002
1.375479e+003,1.429226e-002
1.375961e+003,1.433926e-002
1.376443e+003,1.436745e-002
1.376926e+003,1.437279e-002
1.377408e+003,1.435276e-002
1.377890e+003,1.430632e-002
1.378372e+003,1.423464e-002
1.378854e+003,1.414021e-002
1.379336e+003,1.402742e-002
1.379818e+003,1.390157e-002
1.380300e+003,1.376847e-002
1.380782e+003,1.363310e-002
1.381265e+003,1.349985e-002
1.381747e+003,1.337123e-002
1.382229e+003,1.324845e-002
1.382711e+003,1.313116e-002
1.383193e+003,1.301882e-002
1.383675e+003,1.291066e-002
1.384157e+003,1.280759e-002
1.384639e+003,1.271142e-002
1.385122e+003,1.262545e-002
1.385604e+003,1.255352e-002
1.386086e+003,1.249867e-002
1.386568e+003,1.246214e-002
1.387050e+003,1.244277e-002
1.387532e+003,1.243783e-002
1.388014e+003,1.244319e-002
1.388496e+003,1.245514e-002
1.388979e+003,1.247038e-002
1.389461e+003,1.248640e-002
1.389943e+003,1.250131e-002
1.390425e+003,1.251370e-002
1.390907e+003,1.252248e-002
1.391389e+003,1.252756e-002
1.391871e+003,1.252955e-002
1.392353e+003,1.253061e-002
1.392835e+003,1.253333e-002
1.393318e+003,1.254082e-002
1.393800e+003,1.255554e-002
1.394282e+003,1.257772e-002
1.394764e+003,1.260572e-002
1.395246e+003,1.263630e-002
1.395728e+003,1.266620e-002
1.396210e+003,1.269309e-002
1.396692e+003,1.271611e-002
1.397174e+003,1.273623e-002
1.397656e+003,1.275559e-002
1.398139e+003,1.277696e-002
1.398621e+003,1.280285e-002
1.399103e+003,1.283491e-002
1.399585e+003,1.287336e-002
1.400067e+003,1.291747e-002
1.400549e+003,1.296521e-002
1.401031e+003,1.301376e-002
1.401513e+003,1.306043e-002
1.401996e+003,1.310236e-002
1.402478e+003,1.313865e-002
1.402960e+003,1.316990e-002
1.403442e+003,1.319880e-002
1.403924e+003,1.322871e-002
1.404406e+003,1.326322e-002
1.404888e+003,1.330439e-002
1.405370e+003,1.335266e-002
1.405853e+003,1.340596e-002
1.406335e+003,1.346115e-002
1.406817e+003,1.351449e-002
1.407299e+003,1.356324e-002
1.407781e+003,1.360634e-002
1.408263e+003,1.364472e-002
1.408745e+003,1.368088e-002
1.409227e+003,1.371772e-002
1.409709e+003,1.375746e-002
1.410192e+003,1.380085e-002
1.410674e+003,1.384739e-002
1.411156e+003,1.389606e-002
1.411638e+003,1.394546e-002
1.412120e+003,1.399521e-002
1.412602e+003,1.404555e-002
1.413084e+003,1.409684e-002
1.413566e+003,1.414898e-002
1.414049e+003,1.420090e-002
1.414531e+003,1.425070e-002
1.415013e+003,1.429609e-002
1.415495e+003,1.433520e-002
1.415977e+003,1.436756e-002
1.416459e+003,1.439402e-002
1.416941e+003,1.441738e-002
1.417423e+003,1.444084e-002
1.417906e+003,1.446779e-002
1.418388e+003,1.450022e-002
1.418870e+003,1.453826e-002
1.419352e+003,1.458066e-002
1.419834e+003,1.462567e-002
1.420316e+003,1.467152e-002
1.420798e+003,1.471635e-002
1.421280e+003,1.475793e-002
1.421762e+003,1.479431e-002
1.422245e+003,1.482449e-002
1.422727e+003,1.484893e-002
1.423209e+003,1.486942e-002
1.423691e+003,1.488853e-002
1.424173e+003,1.490930e-002
1.424655e+003,1.493352e-002
1.425137e+003,1.496224e-002
1.425619e+003,1.499488e-002
1.426101e+003,1.502996e-002
1.426584e+003,1.506559e-002
1.427066e+003,1.510015e-002
1.427548e+003,1.513353e-002
1.428030e+003,1.516666e-002
1.428512e+003,1.520166e-002
1.428994e+003,1.524052e-002
1.429476e+003,1.528462e-002
1.429958e+003,1.533465e-002
1.430441e+003,1.539032e-002
1.430923e+003,1.545022e-002
1.431405e+003,1.551213e-002
1.431887e+003,1.557216e-002
1.432369e+003,1.562591e-002
1.432851e+003,1.566812e-002
1.433333e+003,1.569461e-002
1.433815e+003,1.570287e-002
1.434297e+003,1.569405e-002
1.434780e+003,1.567286e-002
1.435262e+003,1.564781e-002
1.435744e+003,1.562884e-002
1.436226e+003,1.562388e-002
1.436708e+003,1.563701e-002
1.437190e+003,1.566752e-002
1.437672e+003,1.571180e-002
1.438154e+003,1.576460e-002
1.438636e+003,1.582073e-002
1.439119e+003,1.587549e-002
1.439601e+003,1.592618e-002
1.440083e+003,1.597196e-002
1.440565e+003,1.601375e-002
1.441047e+003,1.605356e-002
1.441529e+003,1.609336e-002
1.442011e+003,1.613501e-002
1.442493e+003,1.617947e-002
1.442976e+003,1.622744e-002
1.443458e+003,1.627878e-002
1.443940e+003,1.633354e-002
1.444422e+003,1.639113e-002
1.444904e+003,1.645186e-002
1.445386e+003,1.651593e-002
1.445868e+003,1.658530e-002
1.446350e+003,1.666264e-002
1.446833e+003,1.675132e-002
1.447315e+003,1.685445e-002
1.447797e+003,1.697402e-002
1.448279e+003,1.711031e-002
1.448761e+003,1.726235e-002
1.449243e+003,1.742903e-002
1.449725e+003,1.760960e-002
1.450207e+003,1.780451e-002
1.450689e+003,1.801519e-002
1.451172e+003,1.824333e-002
1.451654e+003,1.848944e-002
1.452136e+003,1.875119e-002
1.452618e+003,1.902318e-002
1.453100e+003,1.929712e-002
1.453582e+003,1.956426e-002
1.454064e+003,1.981698e-002
1.454546e+003,2.005118e-002
1.455028e+003,2.026839e-002
1.455511e+003,2.047693e-002
1.455993e+003,2.068999e-002
1.456475e+003,2.092336e-002
1.456957e+003,2.119169e-002
1.457439e+003,2.150984e-002
1.457921e+003,2.189562e-002
1.458403e+003,2.236994e-002
1.458885e+003,2.295061e-002
1.459368e+003,2.364416e-002
1.459850e+003,2.443928e-002
1.460332e+003,2.530445e-002
1.460814e+003,2.618899e-002
1.461296e+003,2.702951e-002
1.461778e+003,2.776086e-002
1.462260e+003,2.832828e-002
1.462742e+003,2.869998e-002
1.463224e+003,2.887363e-002
1.463707e+003,2.887747e-002
1.464189e+003,2.876235e-002
1.464671e+003,2.858944e-002
1.465153e+003,2.841581e-002
1.465635e+003,2.828311e-002
1.466117e+003,2.821260e-002
1.466599e+003,2.820690e-002
1.467081e+003,2.825836e-002
1.467563e+003,2.835887e-002
1.468046e+003,2.850765e-002
1.468528e+003,2.871186e-002
1.469010e+003,2.898030e-002
1.469492e+003,2.931106e-002
1.469974e+003,2.967728e-002
1.470456e+003,3.001778e-002
1.470938e+003,3.023684e-002
1.471420e+003,3.021502e-002
1.471903e+003,2.983251e-002
1.472385e+003,2.899875e-002
1.472867e+003,2.768213e-002
1.473349e+003,2.592542e-002
1.473831e+003,2.384140e-002
1.474313e+003,2.158773e-002
1.474795e+003,1.933264e-002
1.475277e+003,1.722241e-002
1.475760e+003,1.536137e-002
1.476242e+003,1.380278e-002
1.476724e+003,1.255363e-002
1.477206e+003,1.158634e-002
1.477688e+003,1.085296e-002
1.478170e+003,1.030004e-002
1.478652e+003,9.878086e-003
1.479134e+003,9.547200e-003
1.479616e+003,9.278232e-003
1.480099e+003,9.051170e-003
1.480581e+003,8.851654e-003
1.481063e+003,8.670054e-003
1.481545e+003,8.499728e-003
1.482027e+003,8.337436e-003
1.482509e+003,8.183228e-003
1.482991e+003,8.039115e-003
1.483473e+003,7.908346e-003
1.483955e+003,7.793296e-003
1.484438e+003,7.694885e-003
1.484920e+003,7.612062e-003
1.485402e+003,7.542484e-003
1.485884e+003,7.483225e-003
1.486366e+003,7.431762e-003
1.486848e+003,7.386116e-003
1.487330e+003,7.344889e-003
1.487812e+003,7.307259e-003
1.488295e+003,7.272684e-003
1.488777e+003,7.240246e-003
1.489259e+003,7.209317e-003
1.489741e+003,7.179680e-003
1.490223e+003,7.152158e-003
1.490705e+003,7.127939e-003
1.491187e+003,7.108912e-003
1.491669e+003,7.095215e-003
1.492151e+003,7.085885e-003
1.492634e+003,7.077608e-003
1.493116e+003,7.067565e-003
1.493598e+003,7.054047e-003
1.494080e+003,7.038296e-003
1.494562e+003,7.023779e-003
1.495044e+003,7.014857e-003
1.495526e+003,7.015532e-003
1.496008e+003,7.026774e-003
1.496490e+003,7.046438e-003
1.496973e+003,7.070326e-003
1.497455e+003,7.093817e-003
1.497937e+003,7.114514e-003
1.498419e+003,7.132128e-003
1.498901e+003,7.148482e-003
1.499383e+003,7.165571e-003
1.499865e+003,7.184966e-003
1.500347e+003,7.206786e-003
1.500830e+003,7.229531e-003
1.501312e+003,7.250207e-003
1.501794e+003,7.265982e-003
1.502276e+003,7.273897e-003
1.502758e+003,7.272414e-003
1.503240e+003,7.260811e-003
1.503722e+003,7.240782e-003
1.504204e+003,7.216063e-003
1.504687e+003,7.194259e-003
1.505169e+003,7.185954e-003
1.505651e+003,7.201758e-003
1.506133e+003,7.244549e-003
1.506615e+003,7.304688e-003
1.507097e+003,7.364015e-003
1.507579e+003,7.408965e-003
1.508061e+003,7.436713e-003
1.508543e+003,7.451423e-003
1.509026e+003,7.457819e-003
1.509508e+003,7.459204e-003
1.509990e+003,7.457777e-003
1.510472e+003,7.455324e-003
1.510954e+003,7.453238e-003
1.511436e+003,7.452030e-003
1.511918e+003,7.451559e-003
1.512400e+003,7.450852e-003
1.512882e+003,7.448428e-003
1.513365e+003,7.443061e-003
1.513847e+003,7.434265e-003
1.514329e+003,7.422399e-003
1.514811e+003,7.408605e-003
1.515293e+003,7.394230e-003
1.515775e+003,7.380010e-003
1.516257e+003,7.365137e-003
1.516739e+003,7.347641e-003
1.517222e+003,7.325153e-003
1.517704e+003,7.296832e-003
1.518186e+003,7.263617e-003
1.518668e+003,7.227480e-003
1.519150e+003,7.192018e-003
1.519632e+003,7.161713e-003
1.520114e+003,7.142219e-003
1.520596e+003,7.138899e-003
1.521078e+003,7.153071e-003
1.521561e+003,7.181736e-003
1.522043e+003,7.218667e-003
1.522525e+003,7.258554e-003
1.523007e+003,7.297651e-003
1.523489e+003,7.333164e-003
1.523971e+003,7.363569e-003
1.524453e+003,7.389487e-003
1.524935e+003,7.413969e-003
1.525417e+003,7.442287e-003
1.525900e+003,7.479786e-003
1.526382e+003,7.530237e-003
1.526864e+003,7.594481e-003
1.527346e+003,7.670319e-003
1.527828e+003,7.753566e-003
1.528310e+003,7.838860e-003
1.528792e+003,7.921644e-003
1.529274e+003,7.998845e-003
1.529757e+003,8.069939e-003
1.530239e+003,8.136405e-003
1.530721e+003,8.201591e-003
1.531203e+003,8.269771e-003
1.531685e+003,8.345595e-003
1.532167e+003,8.432702e-003
1.532649e+003,8.533029e-003
1.533131e+003,8.644869e-003
1.533614e+003,8.763756e-003
1.534096e+003,8.884773e-003
1.534578e+003,9.004571e-003
1.535060e+003,9.121181e-003
1.535542e+003,9.233159e-003
1.536024e+003,9.338640e-003
1.536506e+003,9.435781e-003
1.536988e+003,9.524166e-003
1.537470e+003,9.605180e-003
1.537953e+003,9.682966e-003
1.538435e+003,9.763556e-003
1.538917e+003,9.851908e-003
1.539399e+003,9.948279e-003
1.539881e+003,1.004684e-002
1.540363e+003,1.013929e-002
1.540845e+003,1.022067e-002
1.541327e+003,1.029134e-002
1.541809e+003,1.035420e-002
1.542292e+003,1.041155e-002
1.542774e+003,1.046440e-002
1.543256e+003,1.051244e-002
1.543738e+003,1.055558e-002
1.544220e+003,1.059355e-002
1.544702e+003,1.062723e-002
1.545184e+003,1.065755e-002
1.545666e+003,1.068629e-002
1.546149e+003,1.071490e-002
1.546631e+003,1.074451e-002
1.547113e+003,1.077598e-002
1.547595e+003,1.081027e-002
1.548077e+003,1.084833e-002
1.548559e+003,1.089083e-002
1.549041e+003,1.093788e-002
1.549523e+003,1.098710e-002
1.550005e+003,1.103537e-002
1.550488e+003,1.107909e-002
1.550970e+003,1.111631e-002
1.551452e+003,1.114704e-002
1.551934e+003,1.117387e-002
1.552416e+003,1.120072e-002
1.552898e+003,1.123224e-002
1.553380e+003,1.127158e-002
1.553862e+003,1.131910e-002
1.554344e+003,1.137125e-002
1.554827e+003,1.142139e-002
1.555309e+003,1.146244e-002
1.555791e+003,1.148925e-002
1.556273e+003,1.150084e-002
1.556755e+003,1.150237e-002
1.557237e+003,1.150571e-002
1.557719e+003,1.152802e-002
1.558201e+003,1.158212e-002
1.558684e+003,1.166523e-002
1.559166e+003,1.175818e-002
1.559648e+003,1.184459e-002
1.560130e+003,1.192304e-002
1.560612e+003,1.199717e-002
1.561094e+003,1.206548e-002
1.561576e+003,1.212386e-002
1.562058e+003,1.217037e-002
1.562541e+003,1.220742e-002
1.563023e+003,1.224039e-002
1.563505e+003,1.227602e-002
1.563987e+003,1.231932e-002
1.564469e+003,1.237254e-002
1.564951e+003,1.243390e-002
1.565433e+003,1.249890e-002
1.565915e+003,1.256177e-002
1.566397e+003,1.261792e-002
1.566880e+003,1.266534e-002
1.567362e+003,1.270542e-002
1.567844e+003,1.274224e-002
1.568326e+003,1.278190e-002
1.568808e+003,1.282954e-002
1.569290e+003,1.288784e-002
1.569772e+003,1.295537e-002
1.570254e+003,1.302963e-002
1.570736e+003,1.310729e-002
1.571219e+003,1.318503e-002
1.571701e+003,1.325874e-002
1.572183e+003,1.332421e-002
1.572665e+003,1.337715e-002
1.573147e+003,1.341525e-002
1.573629e+003,1.343784e-002
1.574111e+003,1.344766e-002
1.574593e+003,1.345078e-002
1.575076e+003,1.345449e-002
1.575558e+003,1.346527e-002
1.576040e+003,1.348514e-002
1.576522e+003,1.351180e-002
1.577004e+003,1.354053e-002
1.577486e+003,1.356680e-002
1.577968e+003,1.358749e-002
1.578450e+003,1.359988e-002
1.578932e+003,1.360279e-002
1.579415e+003,1.359592e-002
1.579897e+003,1.358037e-002
1.580379e+003,1.355808e-002
1.580861e+003,1.353117e-002
1.581343e+003,1.350159e-002
1.581825e+003,1.347112e-002
1.582307e+003,1.344094e-002
1.582789e+003,1.341260e-002
1.583271e+003,1.338759e-002
1.583754e+003,1.336723e-002
1.584236e+003,1.335197e-002
1.584718e+003,1.334163e-002
1.585200e+003,1.333422e-002
1.585682e+003,1.332787e-002
1.586164e+003,1.332036e-002
1.586646e+003,1.331073e-002
1.587128e+003,1.329920e-002
1.587611e+003,1.328729e-002
1.588093e+003,1.327700e-002
1.588575e+003,1.327002e-002
1.589057e+003,1.326635e-002
1.589539e+003,1.326473e-002
1.590021e+003,1.326264e-002
1.590503e+003,1.325730e-002
1.590985e+003,1.324636e-002
1.591468e+003,1.322902e-002
1.591950e+003,1.320575e-002
1.592432e+003,1.317824e-002
1.592914e+003,1.314916e-002
1.593396e+003,1.312071e-002
1.593878e+003,1.309483e-002
1.594360e+003,1.307244e-002
1.594842e+003,1.305329e-002
1.595324e+003,1.303654e-002
1.595807e+003,1.302064e-002
1.596289e+003,1.300404e-002
1.596771e+003,1.298527e-002
1.597253e+003,1.296369e-002
1.597735e+003,1.293969e-002
1.598217e+003,1.291447e-002
1.598699e+003,1.288935e-002
1.599181e+003,1.286561e-002
1.599663e+003,1.284336e-002
1.600146e+003,1.282157e-002
1.600628e+003,1.279816e-002
1.601110e+003,1.277073e-002
1.601592e+003,1.273735e-002
1.602074e+003,1.269796e-002
1.602556e+003,1.265402e-002
1.603038e+003,1.260868e-002
1.603520e+003,1.256547e-002
1.604003e+003,1.252796e-002
1.604485e+003,1.249787e-002
1.604967e+003,1.247516e-002
1.605449e+003,1.245839e-002
1.605931e+003,1.244521e-002
1.606413e+003,1.243308e-002
1.606895e+003,1.242007e-002
1.607377e+003,1.240510e-002
1.607859e+003,1.238779e-002
1.608342e+003,1.236824e-002
1.608824e+003,1.234729e-002
1.609306e+003,1.232570e-002
1.609788e+003,1.230496e-002
1.610270e+003,1.228607e-002
1.610752e+003,1.226998e-002
1.611234e+003,1.225626e-002
1.611716e+003,1.224371e-002
1.612198e+003,1.222952e-002
1.612681e+003,1.221074e-002
1.613163e+003,1.218459e-002
1.613645e+003,1.215040e-002
1.614127e+003,1.210955e-002
1.614609e+003,1.206692e-002
1.615091e+003,1.202940e-002
1.615573e+003,1.200407e-002
1.616055e+003,1.199581e-002
1.616538e+003,1.200386e-002
1.617020e+003,1.202250e-002
1.617502e+003,1.204418e-002
1.617984e+003,1.206183e-002
1.618466e+003,1.207046e-002
1.618948e+003,1.206731e-002
1.619430e+003,1.205187e-002
1.619912e+003,1.202525e-002
1.620395e+003,1.199063e-002
1.620877e+003,1.195205e-002
1.621359e+003,1.191444e-002
1.621841e+003,1.188198e-002
1.622323e+003,1.185724e-002
1.622805e+003,1.183992e-002
1.623287e+003,1.182758e-002
1.623769e+003,1.181617e-002
1.624251e+003,1.180245e-002
1.624734e+003,1.178438e-002
1.625216e+003,1.176138e-002
1.625698e+003,1.173384e-002
1.626180e+003,1.170321e-002
1.626662e+003,1.167172e-002
1.627144e+003,1.164184e-002
1.627626e+003,1.161519e-002
1.628108e+003,1.159245e-002
1.628590e+003,1.157321e-002
1.629073e+003,1.155690e-002
1.629555e+003,1.154255e-002
1.630037e+003,1.152870e-002
1.630519e+003,1.151371e-002
1.631001e+003,1.149481e-002
1.631483e+003,1.146913e-002
1.631965e+003,1.143331e-002
1.632447e+003,1.138509e-002
1.632930e+003,1.132420e-002
1.633412e+003,1.125387e-002
1.633894e+003,1.118165e-002
1.634376e+003,1.111815e-002
1.634858e+003,1.107329e-002
1.635340e+003,1.105131e-002
1.635822e+003,1.104849e-002
1.636304e+003,1.105657e-002
1.636786e+003,1.106759e-002
1.637269e+003,1.107651e-002
1.637751e+003,1.108003e-002
1.638233e+003,1.107541e-002
1.638715e+003,1.106192e-002
1.639197e+003,1.104059e-002
1.639679e+003,1.101421e-002
1.640161e+003,1.098600e-002
1.640643e+003,1.095861e-002
1.641126e+003,1.093223e-002
1.641608e+003,1.090568e-002
1.642090e+003,1.087614e-002
1.642572e+003,1.084074e-002
1.643054e+003,1.079756e-002
1.643536e+003,1.074707e-002
1.644018e+003,1.069249e-002
1.644500e+003,1.063959e-002
1.644983e+003,1.059569e-002
1.645465e+003,1.056752e-002
1.645947e+003,1.055792e-002
1.646429e+003,1.056377e-002
1.646911e+003,1.057597e-002
1.647393e+003,1.058415e-002
1.647875e+003,1.058075e-002
1.648357e+003,1.056266e-002
1.648839e+003,1.052858e-002
1.649322e+003,1.047784e-002
1.649804e+003,1.040873e-002
1.650286e+003,1.032043e-002
1.650768e+003,1.021569e-002
1.651250e+003,1.010450e-002
1.651732e+003,1.000629e-002
1.652214e+003,9.945750e-003
1.652696e+003,9.936567e-003
1.653178e+003,9.968963e-003
1.653661e+003,1.001749e-002
1.654143e+003,1.006376e-002
1.654625e+003,1.010150e-002
1.655107e+003,1.012753e-002
1.655589e+003,1.013803e-002
1.656071e+003,1.012979e-002
1.656553e+003,1.010224e-002
1.657035e+003,1.005753e-002
1.657518e+003,1.000000e-002
1.658000e+003,9.934181e-003
1.658482e+003,9.863869e-003
1.658964e+003,9.791119e-003
1.659446e+003,9.716231e-003
1.659928e+003,9.639151e-003
1.660410e+003,9.559779e-003
1.660892e+003,9.479875e-003
1.661375e+003,9.401561e-003
1.661857e+003,9.327044e-003
1.662339e+003,9.256542e-003
1.662821e+003,9.188410e-003
1.663303e+003,9.119639e-003
1.663785e+003,9.047693e-003
1.664267e+003,8.971589e-003
1.664749e+003,8.891725e-003
1.665231e+003,8.808851e-003
1.665714e+003,8.724525e-003
1.666196e+003,8.638764e-003
1.666678e+003,8.551776e-003
1.667160e+003,8.463148e-003
1.667642e+003,8.372675e-003
1.668124e+003,8.280666e-003
1.668606e+003,8.187907e-003
1.669088e+003,8.095147e-003
1.669570e+003,8.002729e-003
1.670053e+003,7.910215e-003
1.670535e+003,7.816802e-003
1.671017e+003,7.721577e-003
1.671499e+003,7.623479e-003
1.671981e+003,7.521543e-003
1.672463e+003,7.416183e-003
1.672945e+003,7.309488e-003
1.673427e+003,7.206210e-003
1.673910e+003,7.112424e-003
1.674392e+003,7.033124e-003
1.674874e+003,6.969468e-003
1.675356e+003,6.917643e-003
1.675838e+003,6.870290e-003
1.676320e+003,6.819899e-003
1.676802e+003,6.761795e-003
1.677284e+003,6.693543e-003
1.677766e+003,6.615490e-003
1.678249e+003,6.529583e-003
1.678731e+003,6.437931e-003
1.679213e+003,6.342642e-003
1.679695e+003,6.244196e-003
1.680177e+003,6.142125e-003
1.680659e+003,6.035354e-003
1.681141e+003,5.924091e-003
1.681623e+003,5.809852e-003
1.682105e+003,5.697321e-003
1.682588e+003,5.593293e-003
1.683070e+003,5.505683e-003
1.683552e+003,5.437853e-003
1.684034e+003,5.385279e-003
1.684516e+003,5.338464e-003
1.684998e+003,5.291642e-003
1.685480e+003,5.246002e-003
1.685962e+003,5.205671e-003
1.686445e+003,5.171492e-003
1.686927e+003,5.142650e-003
1.687409e+003,5.115775e-003
1.687891e+003,5.087662e-003
1.688373e+003,5.054785e-003
1.688855e+003,5.014983e-003
1.689337e+003,4.966923e-003
1.689819e+003,4.910922e-003
1.690302e+003,4.848422e-003
1.690784e+003,4.781147e-003
1.691266e+003,4.710037e-003
1.691748e+003,4.634923e-003
1.692230e+003,4.554744e-003
1.692712e+003,4.468327e-003
1.693194e+003,4.376427e-003
1.693676e+003,4.282620e-003
1.694158e+003,4.194678e-003
1.694641e+003,4.122342e-003
1.695123e+003,4.072790e-003
1.695605e+003,4.046348e-003
1.696087e+003,4.033505e-003
1.696569e+003,4.021732e-003
1.697051e+003,3.999406e-003
1.697533e+003,3.960193e-003
1.698015e+003,3.903782e-003
1.698497e+003,3.835514e-003
1.698980e+003,3.766645e-003
1.699462e+003,3.711764e-003
1.699944e+003,3.680892e-003
1.700426e+003,3.673983e-003
1.700908e+003,3.682554e-003
1.701390e+003,3.697355e-003
1.701872e+003,3.711022e-003
1.702354e+003,3.719135e-003
1.702837e+003,3.720139e-003
1.703319e+003,3.715879e-003
1.703801e+003,3.711031e-003
1.704283e+003,3.710964e-003
1.704765e+003,3.718871e-003
1.705247e+003,3.734285e-003
1.705729e+003,3.752091e-003
1.706211e+003,3.765585e-003
1.706693e+003,3.769982e-003
1.707176e+003,3.763615e-003
1.707658e+003,3.748249e-003
1.708140e+003,3.727908e-003
1.708622e+003,3.706741e-003
1.709104e+003,3.687795e-003
1.709586e+003,3.671577e-003
1.710068e+003,3.656601e-003
1.710550e+003,3.640051e-003
1.711032e+003,3.620223e-003
1.711515e+003,3.597273e-003
1.711997e+003,3.573910e-003
1.712479e+003,3.554107e-003
1.712961e+003,3.541814e-003
1.713443e+003,3.538356e-003
1.713925e+003,3.541400e-003
1.714407e+003,3.546198e-003
1.714889e+003,3.546760e-003
1.715372e+003,3.538838e-003
1.715854e+003,3.522180e-003
1.716336e+003,3.500423e-003
1.716818e+003,3.479039e-003
1.717300e+003,3.462985e-003
1.717782e+003,3.454154e-003
1.718264e+003,3.452221e-003
1.718746e+003,3.456066e-003
1.719229e+003,3.464237e-003
1.719711e+003,3.475234e-003
1.720193e+003,3.486946e-003
1.720675e+003,3.497701e-003
1.721157e+003,3.507017e-003
1.721639e+003,3.515049e-003
1.722121e+003,3.522465e-003
1.722603e+003,3.530392e-003
1.723085e+003,3.538701e-003
1.723568e+003,3.547249e-003
1.724050e+003,3.555346e-003
1.724532e+003,3.562561e-003
1.725014e+003,3.568851e-003
1.725496e+003,3.574282e-003
1.725978e+003,3.579805e-003
1.726460e+003,3.585958e-003
1.726942e+003,3.594163e-003
1.727424e+003,3.605932e-003
1.727907e+003,3.622456e-003
1.728389e+003,3.643864e-003
1.728871e+003,3.668341e-003
1.729353e+003,3.691467e-003
1.729835e+003,3.706598e-003
1.730317e+003,3.706359e-003
1.730799e+003,3.684499e-003
1.731281e+003,3.638821e-003
1.731764e+003,3.571664e-003
1.732246e+003,3.492149e-003
1.732728e+003,3.413894e-003
1.733210e+003,3.351406e-003
1.733692e+003,3.313377e-003
1.734174e+003,3.299072e-003
1.734656e+003,3.299431e-003
1.735138e+003,3.304649e-003
1.735620e+003,3.305773e-003
1.736103e+003,3.297089e-003
1.736585e+003,3.275516e-003
1.737067e+003,3.240512e-003
1.737549e+003,3.195189e-003
1.738031e+003,3.144233e-003
1.738513e+003,3.092394e-003
1.738995e+003,3.042767e-003
1.739477e+003,2.994835e-003
1.739959e+003,2.946080e-003
1.740442e+003,2.893799e-003
1.740924e+003,2.836421e-003
1.741406e+003,2.774084e-003
1.741888e+003,2.707853e-003
1.742370e+003,2.638475e-003
1.742852e+003,2.566239e-003
1.743334e+003,2.490075e-003
1.743816e+003,2.408824e-003
1.744299e+003,2.321906e-003
1.744781e+003,2.230823e-003
1.745263e+003,2.138698e-003
1.745745e+003,2.050054e-003
1.746227e+003,1.969409e-003
1.746709e+003,1.900013e-003
1.747191e+003,1.842036e-003
1.747673e+003,1.793397e-003
1.748156e+003,1.749993e-003
1.748638e+003,1.708157e-003
1.749120e+003,1.666341e-003
1.749602e+003,1.624917e-003
1.750084e+003,1.587451e-003
1.750566e+003,1.556838e-003
1.751048e+003,1.534745e-003
1.751530e+003,1.520218e-003
1.752012e+003,1.510034e-003
1.752495e+003,1.499495e-003
1.752977e+003,1.484261e-003
1.753459e+003,1.462407e-003
1.753941e+003,1.433979e-003
1.754423e+003,1.402137e-003
1.754905e+003,1.371647e-003
1.755387e+003,1.347008e-003
1.755869e+003,1.330553e-003
1.756351e+003,1.321202e-003
1.756834e+003,1.314847e-003
1.757316e+003,1.306027e-003
1.757798e+003,1.290738e-003
1.758280e+003,1.267523e-003
1.758762e+003,1.238156e-003
1.759244e+003,1.206624e-003
1.759726e+003,1.178235e-003
1.760208e+003,1.157967e-003
1.760691e+003,1.149131e-003
1.761173e+003,1.152689e-003
1.761655e+003,1.166327e-003
1.762137e+003,1.186631e-003
1.762619e+003,1.209639e-003
1.763101e+003,1.232429e-003
1.763583e+003,1.253168e-003
1.764065e+003,1.270598e-003
1.764547e+003,1.283103e-003
1.765030e+003,1.289516e-003
1.765512e+003,1.287649e-003
1.765994e+003,1.276293e-003
1.766476e+003,1.255118e-003
1.766958e+003,1.224083e-003
1.767440e+003,1.184058e-003
1.767922e+003,1.135921e-003
1.768404e+003,1.081840e-003
1.768886e+003,1.024595e-003
1.769369e+003,9.678453e-004
1.769851e+003,9.166793e-004
1.770333e+003,8.762167e-004
1.770815e+003,8.514585e-004
1.771297e+003,8.449431e-004
1.771779e+003,8.562478e-004
1.772261e+003,8.809677e-004
1.772743e+003,9.125480e-004
1.773226e+003,9.443568e-004
1.773708e+003,9.709554e-004
1.774190e+003,9.896106e-004
1.774672e+003,9.994565e-004
1.775154e+003,1.001932e-003
1.775636e+003,1.000194e-003
1.776118e+003,9.974054e-004
1.776600e+003,9.959125e-004
1.777083e+003,9.964476e-004
1.777565e+003,9.976253e-004
1.778047e+003,9.966880e-004
1.778529e+003,9.903704e-004
1.779011e+003,9.763467e-004
1.779493e+003,9.536571e-004
1.779975e+003,9.223206e-004
1.780457e+003,8.837903e-004
1.780939e+003,8.398992e-004
1.781422e+003,7.930591e-004
1.781904e+003,7.463151e-004
1.782386e+003,7.026236e-004
1.782868e+003,6.653511e-004
1.783350e+003,6.383461e-004
1.783832e+003,6.250113e-004
1.784314e+003,6.277726e-004
1.784796e+003,6.464521e-004
1.785278e+003,6.782733e-004
1.785761e+003,7.175955e-004
1.786243e+003,7.573748e-004
1.786725e+003,7.908688e-004
1.787207e+003,8.128835e-004
1.787689e+003,8.210747e-004
1.788171e+003,8.162829e-004
1.788653e+003,8.011953e-004
1.789135e+003,7.801031e-004
1.789618e+003,7.567600e-004
1.790100e+003,7.337810e-004
1.790582e+003,7.129831e-004
1.791064e+003,6.949772e-004
1.791546e+003,6.802104e-004
1.792028e+003,6.691968e-004
1.792510e+003,6.636269e-004
1.792992e+003,6.656767e-004
1.793474e+003,6.766286e-004
1.793957e+003,6.965601e-004
1.794439e+003,7.222914e-004
1.794921e+003,7.483108e-004
1.795403e+003,7.680061e-004
1.795885e+003,7.757458e-004
1.796367e+003,7.684409e-004
1.796849e+003,7.463270e-004
1.797331e+003,7.128384e-004
1.797813e+003,6.730531e-004
1.798296e+003,6.320216e-004
1.798778e+003,5.941955e-004
1.799260e+003,5.619148e-004
1.799742e+003,5.358909e-004
1.800224e+003,5.153596e-004
1.800706e+003,4.996855e-004
1.801188e+003,4.882622e-004
1.801670e+003,4.808694e-004
1.802153e+003,4.775086e-004
1.802635e+003,4.778639e-004
1.803117e+003,4.807200e-004
1.803599e+003,4.844133e-004
1.804081e+003,4.875002e-004
1.804563e+003,4.894990e-004
1.805045e+003,4.915924e-004
1.805527e+003,4.961862e-004
1.806010e+003,5.063932e-004
1.806492e+003,5.248198e-004
1.806974e+003,5.523415e-004
1.807456e+003,5.878486e-004
1.807938e+003,6.278200e-004
1.808420e+003,6.674461e-004
1.808902e+003,7.016811e-004
1.809384e+003,7.260495e-004
1.809866e+003,7.376724e-004
1.810349e+003,7.352776e-004
1.810831e+003,7.192311e-004
1.811313e+003,6.907423e-004
1.811795e+003,6.521164e-004
1.812277e+003,6.058606e-004
1.812759e+003,5.549017e-004
1.813241e+003,5.023663e-004
1.813723e+003,4.517357e-004
1.814205e+003,4.053678e-004
1.814688e+003,3.653280e-004
1.815170e+003,3.329434e-004
1.815652e+003,3.086686e-004
1.816134e+003,2.928309e-004
1.816616e+003,2.857561e-004
1.817098e+003,2.883200e-004
1.817580e+003,3.018506e-004
1.818062e+003,3.272605e-004
1.818545e+003,3.641096e-004
1.819027e+003,4.091214e-004
1.819509e+003,4.565937e-004
1.819991e+003,4.987496e-004
1.820473e+003,5.277622e-004
1.820955e+003,5.373091e-004
1.821437e+003,5.257112e-004
1.821919e+003,4.957574e-004
1.822401e+003,4.549035e-004
1.822884e+003,4.128210e-004
1.823366e+003,3.794484e-004
1.823848e+003,3.613351e-004
1.824330e+003,3.601119e-004
1.824812e+003,3.721366e-004
1.825294e+003,3.902317e-004
1.825776e+003,4.055927e-004
1.826258e+003,4.111822e-004
1.826740e+003,4.032277e-004
1.827223e+003,3.822315e-004
1.827705e+003,3.522038e-004
1.828187e+003,3.194955e-004
1.828669e+003,2.911477e-004
1.829151e+003,2.725830e-004
1.829633e+003,2.665354e-004
1.830115e+003,2.730461e-004
1.830597e+003,2.897885e-004
1.831080e+003,3.139141e-004
1.831562e+003,3.420219e-004
1.832044e+003,3.696004e-004
1.832526e+003,3.919381e-004
1.833008e+003,4.043138e-004
1.833490e+003,4.031384e-004
1.833972e+003,3.862802e-004
1.834454e+003,3.541140e-004
1.834937e+003,3.101747e-004
1.835419e+003,2.602196e-004
1.835901e+003,2.115089e-004
1.836383e+003,1.714712e-004
1.836865e+003,1.456156e-004
1.837347e+003,1.365881e-004
1.837829e+003,1.432580e-004
1.838311e+003,1.607175e-004
1.838793e+003,1.817087e-004
1.839276e+003,1.987059e-004
1.839758e+003,2.051177e-004
1.840240e+003,1.979325e-004
1.840722e+003,1.779531e-004
1.841204e+003,1.498365e-004
1.841686e+003,1.208239e-004
1.842168e+003,9.917511e-005
1.842650e+003,9.181546e-005
1.843132e+003,1.018229e-004
1.843615e+003,1.278710e-004
1.844097e+003,1.632457e-004
1.844579e+003,1.987435e-004
1.845061e+003,2.248207e-004
1.845543e+003,2.356782e-004
1.846025e+003,2.294342e-004
1.846507e+003,2.089504e-004
1.846989e+003,1.805001e-004
1.847472e+003,1.520332e-004
1.847954e+003,1.308200e-004
1.848436e+003,1.211878e-004
1.848918e+003,1.239635e-004
1.849400e+003,1.354875e-004
1.849882e+003,1.490182e-004
1.850364e+003,1.584611e-004
1.850846e+003,1.588297e-004
1.851328e+003,1.488359e-004
1.851811e+003,1.314891e-004
1.852293e+003,1.128202e-004
1.852775e+003,9.998183e-005
1.853257e+003,9.914661e-005
1.853739e+003,1.141294e-004
1.854221e+003,1.455323e-004
1.854703e+003,1.907113e-004
1.855185e+003,2.449526e-004
1.855667e+003,3.024217e-004
1.856150e+003,3.580301e-004
1.856632e+003,4.069120e-004
1.857114e+003,4.453078e-004
1.857596e+003,4.705053e-004
1.858078e+003,4.812999e-004
1.858560e+003,4.776078e-004
1.859042e+003,4.605639e-004
1.859524e+003,4.325949e-004
1.860007e+003,3.969546e-004
1.860489e+003,3.574984e-004
1.860971e+003,3.170946e-004
1.861453e+003,2.785163e-004
1.861935e+003,2.443058e-004
1.862417e+003,2.169089e-004
1.862899e+003,1.987711e-004
1.863381e+003,1.925715e-004
1.863864e+003,2.007926e-004
1.864346e+003,2.239079e-004
1.864828e+003,2.609733e-004
1.865310e+003,3.072826e-004
1.865792e+003,3.565044e-004
1.866274e+003,4.015057e-004
1.866756e+003,4.353031e-004
1.867238e+003,4.536133e-004
1.867720e+003,4.553876e-004
1.868203e+003,4.417648e-004
1.868685e+003,4.163372e-004
1.869167e+003,3.831711e-004
1.869649e+003,3.460718e-004
1.870131e+003,3.078241e-004
1.870613e+003,2.695887e-004
1.871095e+003,2.322297e-004
1.871577e+003,1.964445e-004
1.872059e+003,1.642579e-004
1.872542e+003,1.386570e-004
1.873024e+003,1.229298e-004
1.873506e+003,1.200673e-004
1.873988e+003,1.309408e-004
1.874470e+003,1.534037e-004
1.874952e+003,1.830854e-004
1.875434e+003,2.137843e-004
1.875916e+003,2.394240e-004
1.876399e+003,2.550470e-004
1.876881e+003,2.581490e-004
1.877363e+003,2.486491e-004
1.877845e+003,2.291967e-004
1.878327e+003,2.033434e-004
1.878809e+003,1.754451e-004
1.879291e+003,1.495621e-004
1.879773e+003,1.287927e-004
1.880255e+003,1.152048e-004
1.880738e+003,1.096027e-004
1.881220e+003,1.119583e-004
1.881702e+003,1.213117e-004
1.882184e+003,1.357027e-004
1.882666e+003,1.521698e-004
1.883148e+003,1.676476e-004
1.883630e+003,1.787340e-004
1.884112e+003,1.817545e-004
1.884595e+003,1.743317e-004
1.885077e+003,1.559213e-004
1.885559e+003,1.282513e-004
1.886041e+003,9.569070e-005
1.886523e+003,6.518576e-005
1.887005e+003,4.482282e-005
1.887487e+003,4.245897e-005
1.887969e+003,6.268236e-005
1.888452e+003,1.055106e-004
1.888934e+003,1.653514e-004
1.889416e+003,2.312945e-004
1.889898e+003,2.889986e-004
1.890380e+003,3.249299e-004
1.890862e+003,3.296761e-004
1.891344e+003,3.007140e-004
1.891826e+003,2.441737e-004
1.892308e+003,1.725107e-004
1.892791e+003,1.020200e-004
1.893273e+003,4.927316e-005
1.893755e+003,2.594718e-005
1.894237e+003,3.614451e-005
1.894719e+003,7.575999e-005
1.895201e+003,1.339194e-004
1.895683e+003,1.960835e-004
1.896165e+003,2.487319e-004
1.896647e+003,2.820438e-004
1.897130e+003,2.918925e-004
1.897612e+003,2.787166e-004
1.898094e+003,2.469641e-004
1.898576e+003,2.026741e-004
1.899058e+003,1.521332e-004
1.899540e+003,1.007586e-004
1.900022e+003,5.350112e-005
1.900504e+003,1.507725e-005
1.900987e+003,-9.458685e-006
1.901469e+003,-1.693373e-005
1.901951e+003,-2.485138e-006
1.902433e+003,2.330728e-005
1.902915e+003,6.414754e-005
1.903397e+003,1.085213e-004
1.903879e+003,1.472298e-004
1.904361e+003,1.726795e-004
1.904844e+003,1.809043e-004
1.905326e+003,1.726614e-004
1.905808e+003,1.529971e-004
1.906290e+003,1.279830e-004
1.906772e+003,1.044057e-004
1.907254e+003,8.564759e-005
1.907736e+003,7.276013e-005
1.908218e+003,6.449784e-005
1.908700e+003,5.859815e-005
1.909182e+003,5.384565e-005
1.909665e+003,5.030834e-005
1.910147e+003,4.947682e-005
1.910629e+003,5.375664e-005
1.911111e+003,6.379686e-005
1.911593e+003,7.872220e-005
1.912075e+003,9.576117e-005
1.912557e+003,1.104747e-004
1.913039e+003,1.176742e-004
1.913522e+003,1.124958e-004
1.914004e+003,9.200900e-005
1.914486e+003,5.439130e-005
1.914968e+003,1.703686e-011
1.915450e+003,-6.589184e-005
1.915932e+003,-1.384077e-004
1.916414e+003,-2.081176e-004
1.916896e+003,-2.661238e-004
1.917379e+003,-3.045794e-004
1.917861e+003,-3.203610e-004
1.918343e+003,-3.151909e-004
1.918825e+003,-2.965469e-004
1.919307e+003,-2.750704e-004
1.919789e+003,-2.623121e-004
1.920271e+003,-2.666808e-004
1.920753e+003,-2.925058e-004
1.921235e+003,-3.382670e-004
1.921718e+003,-3.985434e-004
1.922200e+003,-4.659679e-004
1.922682e+003,-5.339774e-004
1.923164e+003,-5.967708e-004
1.923646e+003,-6.502799e-004
1.924128e+003,-6.896364e-004
1.924610e+003,-7.092250e-004
1.925092e+003,-7.025760e-004
1.925574e+003,-6.652677e-004
1.926057e+003,-5.966991e-004
1.926539e+003,-5.039581e-004
1.927021e+003,-4.018938e-004
1.927503e+003,-3.098668e-004
1.927985e+003,-2.477992e-004
1.928467e+003,-2.301941e-004
1.928949e+003,-2.609897e-004
1.929431e+003,-3.315947e-004
1.929914e+003,-4.245685e-004
1.930396e+003,-5.174278e-004
1.930878e+003,-5.912681e-004
1.931360e+003,-6.341014e-004
1.931842e+003,-6.441426e-004
1.932324e+003,-6.292302e-004
1.932806e+003,-6.010772e-004
1.933288e+003,-5.725274e-004
1.933771e+003,-5.526304e-004
1.934253e+003,-5.455462e-004
1.934735e+003,-5.512748e-004
1.935217e+003,-5.671426e-004
1.935699e+003,-5.896289e-004
1.936181e+003,-6.170922e-004
1.936663e+003,-6.497129e-004
1.937145e+003,-6.888621e-004
1.937627e+003,-7.364973e-004
1.938109e+003,-7.943177e-004
1.938592e+003,-8.611713e-004
1.939074e+003,-9.338941e-004
1.939556e+003,-1.004454e-003
1.940038e+003,-1.063353e-003
1.940520e+003,-1.099147e-003
1.941002e+003,-1.102055e-003
1.941484e+003,-1.067723e-003
1.941966e+003,-9.988438e-004
1.942449e+003,-9.072190e-004
1.942931e+003,-8.094761e-004
1.943413e+003,-7.229467e-004
1.943895e+003,-6.608901e-004
1.944377e+003,-6.278179e-004
1.944859e+003,-6.166793e-004
1.945341e+003,-6.127344e-004
1.945823e+003,-5.997965e-004
1.946306e+003,-5.663353e-004
1.946788e+003,-5.104798e-004
1.947270e+003,-4.431784e-004
1.947752e+003,-3.843846e-004
1.948234e+003,-3.563362e-004
1.948716e+003,-3.761629e-004
1.949198e+003,-4.487775e-004
1.949680e+003,-5.660159e-004
1.950162e+003,-7.079060e-004
1.950645e+003,-8.488205e-004
1.951127e+003,-9.644654e-004
1.951609e+003,-1.038945e-003
1.952091e+003,-1.066855e-003
1.952573e+003,-1.052083e-003
1.953055e+003,-1.004967e-003
1.953537e+003,-9.367021e-004
1.954019e+003,-8.580034e-004
1.954501e+003,-7.754540e-004
1.954984e+003,-6.936886e-004
1.955466e+003,-6.175576e-004
1.955948e+003,-5.547761e-004
1.956430e+003,-5.156112e-004
1.956912e+003,-5.123219e-004
1.957394e+003,-5.556758e-004
1.957876e+003,-6.499910e-004
1.958358e+003,-7.892295e-004
1.958841e+003,-9.547770e-004
1.959323e+003,-1.121176e-003
1.959805e+003,-1.261786e-003
1.960287e+003,-1.359186e-003
1.960769e+003,-1.411907e-003
1.961251e+003,-1.436858e-003
1.961733e+003,-1.463136e-003
1.962215e+003,-1.522585e-003
1.962698e+003,-1.639088e-003
1.963180e+003,-1.817215e-003
1.963662e+003,-2.039998e-003
1.964144e+003,-2.271663e-003
1.964626e+003,-2.468588e-003
1.965108e+003,-2.595493e-003
1.965590e+003,-2.634997e-003
1.966072e+003,-2.593931e-003
1.966554e+003,-2.499626e-003
1.967036e+003,-2.389280e-003
1.967519e+003,-2.297268e-003
1.968001e+003,-2.243983e-003
1.968483e+003,-2.231064e-003
1.968965e+003,-2.246296e-003
1.969447e+003,-2.270385e-003
1.969929e+003,-2.289481e-003
1.970411e+003,-2.299865e-003
1.970893e+003,-2.312841e-003
1.971376e+003,-2.347596e-003
1.971858e+003,-2.424120e-003
1.972340e+003,-2.556046e-003
1.972822e+003,-2.744618e-003
1.973304e+003,-2.978474e-003
1.973786e+003,-3.235480e-003
1.974268e+003,-3.487770e-003
1.974750e+003,-3.707777e-003
1.975233e+003,-3.871292e-003
1.975715e+003,-3.958549e-003
1.976197e+003,-3.958247e-003
1.976679e+003,-3.870014e-003
1.977161e+003,-3.703802e-003
1.977643e+003,-3.479989e-003
1.978125e+003,-3.227500e-003
1.978607e+003,-2.975878e-003
1.979089e+003,-2.749922e-003
1.979572e+003,-2.563894e-003
1.980054e+003,-2.421491e-003
1.980536e+003,-2.319389e-003
1.981018e+003,-2.251576e-003
1.981500e+003,-2.214066e-003
1.981982e+003,-2.206650e-003
1.982464e+003,-2.233404e-003
1.982946e+003,-2.296792e-003
1.983428e+003,-2.394006e-003
1.983911e+003,-2.514167e-003
1.984393e+003,-2.638676e-003
1.984875e+003,-2.744168e-003
1.985357e+003,-2.809954e-003
1.985839e+003,-2.821957e-003
1.986321e+003,-2.777603e-003
1.986803e+003,-2.684054e-003
1.987285e+003,-2.554795e-003
1.987768e+003,-2.405555e-003
1.988250e+003,-2.248761e-003
1.988732e+003,-2.095426e-003
1.989214e+003,-1.952771e-003
1.989696e+003,-1.828976e-003
1.990178e+003,-1.735781e-003
1.990660e+003,-1.685517e-003
1.991142e+003,-1.691093e-003
1.991625e+003,-1.759384e-003
1.992107e+003,-1.887781e-003
1.992589e+003,-2.062492e-003
1.993071e+003,-2.259809e-003
1.993553e+003,-2.450460e-003
1.994035e+003,-2.609524e-003
1.994517e+003,-2.718526e-003
1.994999e+003,-2.771904e-003
1.995481e+003,-2.774223e-003
1.995964e+003,-2.738551e-003
1.996446e+003,-2.680760e-003
1.996928e+003,-2.613375e-003
1.997410e+003,-2.544772e-003
1.997892e+003,-2.478498e-003
1.998374e+003,-2.416401e-003
1.998856e+003,-2.359154e-003
1.999338e+003,-2.310554e-003
1.999820e+003,-2.277191e-003
2.000303e+003,-2.266152e-003
2.000785e+003,-2.283207e-003
2.001267e+003,-2.328106e-003
2.001749e+003,-2.396141e-003
2.002231e+003,-2.475362e-003
2.002713e+003,-2.551329e-003
2.003195e+003,-2.608186e-003
2.003677e+003,-2.633789e-003
2.004160e+003,-2.621850e-003
2.004642e+003,-2.570780e-003
2.005124e+003,-2.484940e-003
2.005606e+003,-2.375758e-003
2.006088e+003,-2.260891e-003
2.006570e+003,-2.160744e-003
2.007052e+003,-2.100453e-003
2.007534e+003,-2.104234e-003
2.008016e+003,-2.191499e-003
2.008499e+003,-2.368937e-003
2.008981e+003,-2.628640e-003
2.009463e+003,-2.944983e-003
2.009945e+003,-3.279034e-003
2.010427e+003,-3.584829e-003
2.010909e+003,-3.820537e-003
2.011391e+003,-3.957964e-003
2.011873e+003,-3.987363e-003
2.012355e+003,-3.917703e-003
2.012838e+003,-3.770957e-003
2.013320e+003,-3.575362e-003
2.013802e+003,-3.356993e-003
2.014284e+003,-3.134760e-003
2.014766e+003,-2.920821e-003
2.015248e+003,-2.721651e-003
2.015730e+003,-2.544140e-003
2.016212e+003,-2.396353e-003
2.016695e+003,-2.287749e-003
2.017177e+003,-2.228426e-003
2.017659e+003,-2.224496e-003
2.018141e+003,-2.276986e-003
2.018623e+003,-2.381052e-003
2.019105e+003,-2.531288e-003
2.019587e+003,-2.721208e-003
2.020069e+003,-2.943643e-003
2.020552e+003,-3.188551e-003
2.021034e+003,-3.439745e-003
2.021516e+003,-3.672196e-003
2.021998e+003,-3.853360e-003
2.022480e+003,-3.951438e-003
2.022962e+003,-3.946079e-003
2.023444e+003,-3.836527e-003
2.023926e+003,-3.645051e-003
2.024408e+003,-3.414522e-003
2.024891e+003,-3.195742e-003
2.025373e+003,-3.032534e-003
2.025855e+003,-2.949168e-003
2.026337e+003,-2.943483e-003
2.026819e+003,-2.992913e-003
2.027301e+003,-3.064164e-003
2.027783e+003,-3.127782e-003
2.028265e+003,-3.168930e-003
2.028747e+003,-3.190530e-003
2.029230e+003,-3.207464e-003
2.029712e+003,-3.236179e-003
2.030194e+003,-3.283818e-003
2.030676e+003,-3.345363e-003
2.031158e+003,-3.402899e-003
2.031640e+003,-3.434231e-003
2.032122e+003,-3.419822e-003
2.032604e+003,-3.351300e-003
2.033087e+003,-3.231196e-003
2.033569e+003,-3.070697e-003
2.034051e+003,-2.885823e-003
2.034533e+003,-2.694475e-003
2.035015e+003,-2.512708e-003
2.035497e+003,-2.356882e-003
2.035979e+003,-2.242019e-003
2.036461e+003,-2.180430e-003
2.036943e+003,-2.178936e-003
2.037426e+003,-2.233385e-003
2.037908e+003,-2.329806e-003
2.038390e+003,-2.447256e-003
2.038872e+003,-2.563518e-003
2.039354e+003,-2.662218e-003
2.039836e+003,-2.738040e-003
2.040318e+003,-2.796931e-003
2.040800e+003,-2.848258e-003
2.041282e+003,-2.898274e-003
2.041765e+003,-2.941535e-003
2.042247e+003,-2.961778e-003
2.042729e+003,-2.935611e-003
2.043211e+003,-2.843588e-003
2.043693e+003,-2.679053e-003
2.044175e+003,-2.456424e-003
2.044657e+003,-2.207212e-003
2.045139e+003,-1.971464e-003
2.045622e+003,-1.783988e-003
2.046104e+003,-1.664246e-003
2.046586e+003,-1.608060e-003
2.047068e+003,-1.592405e-003
2.047550e+003,-1.583260e-003
2.048032e+003,-1.549818e-003
2.048514e+003,-1.473571e-003
2.048996e+003,-1.354582e-003
2.049479e+003,-1.207567e-003
2.049960e+003,-1.055878e-003
2.050443e+003,-9.211561e-004
2.050925e+003,-8.178886e-004
2.051407e+003,-7.495561e-004
2.051889e+003,-7.127799e-004
2.052371e+003,-6.976585e-004
2.052853e+003,-6.930912e-004
2.053335e+003,-6.892551e-004
2.053817e+003,-6.809704e-004
2.054300e+003,-6.679413e-004
2.054782e+003,-6.551273e-004
2.055264e+003,-6.507392e-004
2.055746e+003,-6.640790e-004
2.056228e+003,-7.004611e-004
2.056710e+003,-7.587078e-004
2.057192e+003,-8.281352e-004
2.057674e+003,-8.910054e-004
2.058157e+003,-9.247207e-004
2.058639e+003,-9.093291e-004
2.059121e+003,-8.327865e-004
2.059603e+003,-6.959189e-004
2.060085e+003,-5.130050e-004
2.060567e+003,-3.073988e-004
2.061049e+003,-1.055770e-004
2.061531e+003,6.844283e-005
2.062014e+003,1.984629e-004
2.062496e+003,2.762314e-004
2.062978e+003,3.018151e-004
2.063460e+003,2.770376e-004
2.063942e+003,2.053270e-004
2.064424e+003,9.076919e-005
2.064906e+003,-6.041260e-005
2.065388e+003,-2.362065e-004
2.065871e+003,-4.169830e-004
2.066353e+003,-5.768128e-004
2.066835e+003,-6.876222e-004
2.067317e+003,-7.277591e-004
2.067799e+003,-6.882825e-004
2.068281e+003,-5.752385e-004
2.068763e+003,-4.111264e-004
2.069245e+003,-2.274401e-004
2.069728e+003,-5.718556e-005
2.070209e+003,7.460608e-005
2.070692e+003,1.553898e-004
2.071174e+003,1.872062e-004
2.071656e+003,1.831614e-004
2.072138e+003,1.603909e-004
2.072620e+003,1.330032e-004
2.073102e+003,1.066016e-004
2.073584e+003,7.760955e-005
2.074066e+003,3.658003e-005
2.074549e+003,-2.577536e-005
2.075031e+003,-1.128880e-004
2.075513e+003,-2.184320e-004
2.075995e+003,-3.253321e-004
2.076477e+003,-4.121619e-004
2.076959e+003,-4.592301e-004
2.077441e+003,-4.557090e-004
2.077923e+003,-4.038523e-004
2.078406e+003,-3.173302e-004
2.078888e+003,-2.179555e-004
2.079370e+003,-1.256494e-004
2.079852e+003,-5.294482e-005
2.080334e+003,7.910431e-013
2.080816e+003,4.371586e-005
2.081298e+003,9.175200e-005
2.081780e+003,1.557736e-004
2.082262e+003,2.368233e-004
2.082745e+003,3.238962e-004
2.083227e+003,3.967104e-004
2.083709e+003,4.328991e-004
2.084191e+003,4.170429e-004
2.084673e+003,3.453734e-004
2.085155e+003,2.279818e-004
2.085637e+003,8.526937e-005
2.086119e+003,-5.944427e-005
2.086602e+003,-1.866365e-004
2.087083e+003,-2.852698e-004
2.087566e+003,-3.515974e-004
2.088048e+003,-3.877060e-004
2.088530e+003,-3.965508e-004
2.089012e+003,-3.790126e-004
2.089494e+003,-3.341357e-004
2.089976e+003,-2.626414e-004
2.090458e+003,-1.697307e-004
2.090940e+003,-6.810515e-005
2.091423e+003,2.321632e-005
2.091905e+003,8.390535e-005
2.092387e+003,9.773271e-005
2.092869e+003,5.938706e-005
2.093351e+003,-2.359899e-005
2.093833e+003,-1.315770e-004
2.094315e+003,-2.387074e-004
2.094797e+003,-3.202060e-004
2.095280e+003,-3.580274e-004
2.095762e+003,-3.446745e-004
2.096244e+003,-2.837448e-004
2.096726e+003,-1.863662e-004
2.097208e+003,-6.707247e-005
2.097690e+003,5.939006e-005
2.098172e+003,1.793444e-004
2.098654e+003,2.818367e-004
2.099136e+003,3.586564e-004
2.099619e+003,4.047981e-004
2.100101e+003,4.184390e-004
2.100583e+003,4.011448e-004
2.101065e+003,3.577573e-004
2.101547e+003,2.949479e-004
2.102029e+003,2.194687e-004
2.102511e+003,1.372077e-004
2.102993e+003,5.302210e-005
2.103476e+003,-2.874656e-005
2.103958e+003,-1.040756e-004
2.104440e+003,-1.673335e-004
2.104922e+003,-2.137610e-004
2.105404e+003,-2.386073e-004
2.105886e+003,-2.410735e-004
2.106368e+003,-2.240758e-004
2.106850e+003,-1.941652e-004
2.107333e+003,-1.575189e-004
2.107814e+003,-1.195383e-004
2.108297e+003,-8.021665e-005
2.108779e+003,-3.523657e-005
2.109261e+003,2.297194e-005
2.109743e+003,1.002634e-004
2.110225e+003,1.973633e-004
2.110707e+003,3.073369e-004
2.111189e+003,4.163253e-004
2.111671e+003,5.074817e-004
2.112154e+003,5.647886e-004
2.112636e+003,5.791051e-004
2.113118e+003,5.505697e-004
2.113600e+003,4.878980e-004
2.114082e+003,4.066264e-004
2.114564e+003,3.249894e-004
2.115046e+003,2.595015e-004
2.115528e+003,2.216752e-004
2.116011e+003,2.164685e-004
2.116493e+003,2.413503e-004
2.116975e+003,2.875648e-004
2.117457e+003,3.406635e-004
2.117939e+003,3.839133e-004
2.118421e+003,4.011239e-004
2.118903e+003,3.813227e-004
2.119385e+003,3.203464e-004
2.119868e+003,2.227675e-004
2.120350e+003,1.019122e-004
2.120832e+003,-2.379437e-005
2.121314e+003,-1.360621e-004
2.121796e+003,-2.210257e-004
2.122278e+003,-2.721332e-004
2.122760e+003,-2.910623e-004
2.123242e+003,-2.850637e-004
2.123725e+003,-2.639217e-004
2.124207e+003,-2.367580e-004
2.124689e+003,-2.089951e-004
2.125171e+003,-1.845454e-004
2.125653e+003,-1.661657e-004
2.126135e+003,-1.580103e-004
2.126617e+003,-1.668180e-004
2.127099e+003,-2.003608e-004
2.127582e+003,-2.663108e-004
2.128063e+003,-3.678543e-004
2.128546e+003,-5.020011e-004
2.129028e+003,-6.593522e-004
2.129510e+003,-8.263382e-004
2.129992e+003,-9.869672e-004
2.130474e+003,-1.127643e-003
2.130956e+003,-1.239906e-003
2.131438e+003,-1.321803e-003
2.131920e+003,-1.376380e-003
2.132403e+003,-1.411212e-003
2.132885e+003,-1.434697e-003
2.133367e+003,-1.453540e-003
2.133849e+003,-1.469793e-003
2.134331e+003,-1.478256e-003
2.134813e+003,-1.469884e-003
2.135295e+003,-1.431380e-003
2.135777e+003,-1.352914e-003
2.136260e+003,-1.231075e-003
2.136742e+003,-1.075135e-003
2.137224e+003,-9.069110e-004
2.137706e+003,-7.565265e-004
2.138188e+003,-6.559422e-004
2.138670e+003,-6.286431e-004
2.139152e+003,-6.818433e-004
2.139634e+003,-8.049584e-004
2.140116e+003,-9.676763e-004
2.140599e+003,-1.135346e-003
2.141081e+003,-1.275951e-003
2.141563e+003,-1.372520e-003
2.142045e+003,-1.428692e-003
2.142527e+003,-1.465877e-003
2.143009e+003,-1.516304e-003
2.143491e+003,-1.612446e-003
2.143973e+003,-1.774559e-003
2.144456e+003,-2.007771e-003
2.144938e+003,-2.297463e-003
2.145420e+003,-2.615502e-003
2.145902e+003,-2.925436e-003
2.146384e+003,-3.192665e-003
2.146866e+003,-3.390176e-003
2.147348e+003,-3.502441e-003
2.147830e+003,-3.529934e-003
2.148313e+003,-3.487732e-003
2.148794e+003,-3.402800e-003
2.149277e+003,-3.309960e-003
2.149759e+003,-3.245228e-003
2.150241e+003,-3.238346e-003
2.150723e+003,-3.305592e-003
2.151205e+003,-3.445399e-003
2.151687e+003,-3.639036e-003
2.152169e+003,-3.853267e-003
2.152651e+003,-4.046698e-003
2.153134e+003,-4.178667e-003
2.153616e+003,-4.214399e-003
2.154098e+003,-4.131595e-003
2.154580e+003,-3.920355e-003
2.155062e+003,-3.586796e-003
2.155544e+003,-3.150912e-003
2.156026e+003,-2.651878e-003
2.156508e+003,-2.143675e-003
2.156991e+003,-1.693100e-003
2.157473e+003,-1.368740e-003
2.157955e+003,-1.227711e-003
2.158437e+003,-1.298816e-003
2.158919e+003,-1.568670e-003
2.159401e+003,-1.982871e-003
2.159883e+003,-2.461880e-003
2.160365e+003,-2.921854e-003
2.160848e+003,-3.291379e-003
2.161330e+003,-3.525198e-003
2.161812e+003,-3.603954e-003
2.162294e+003,-3.529129e-003
2.162776e+003,-3.319529e-003
2.163258e+003,-3.007474e-003
2.163740e+003,-2.637849e-003
2.164222e+003,-2.262457e-003
2.164705e+003,-1.934558e-003
2.165187e+003,-1.700054e-003
2.165669e+003,-1.588928e-003
2.166151e+003,-1.606991e-003
2.166633e+003,-1.736066e-003
2.167115e+003,-1.938252e-003
2.167597e+003,-2.168908e-003
2.168079e+003,-2.385444e-003
2.168562e+003,-2.559462e-003
2.169043e+003,-2.675763e-003
2.169526e+003,-2.733084e-003
2.170008e+003,-2.735448e-003
2.170490e+003,-2.689207e-003
2.170972e+003,-2.598246e-003
2.171454e+003,-2.469457e-003
2.171936e+003,-2.313024e-003
2.172418e+003,-2.146818e-003
2.172900e+003,-1.993554e-003
2.173383e+003,-1.875748e-003
2.173865e+003,-1.809212e-003
2.174347e+003,-1.795304e-003
2.174829e+003,-1.821245e-003
2.175311e+003,-1.867538e-003
2.175793e+003,-1.912035e-003
2.176275e+003,-1.943350e-003
2.176757e+003,-1.960640e-003
2.177240e+003,-1.971566e-003
2.177722e+003,-1.984041e-003
2.178204e+003,-1.999298e-003
2.178686e+003,-2.006678e-003
2.179168e+003,-1.989488e-003
2.179650e+003,-1.930993e-003
2.180132e+003,-1.824866e-003
2.180614e+003,-1.681274e-003
2.181096e+003,-1.524847e-003
2.181579e+003,-1.387372e-003
2.182061e+003,-1.296432e-003
2.182543e+003,-1.265928e-003
2.183025e+003,-1.294915e-003
2.183507e+003,-1.369288e-003
2.183989e+003,-1.471404e-003
2.184471e+003,-1.586058e-003
2.184953e+003,-1.704394e-003
2.185436e+003,-1.819534e-003
2.185917e+003,-1.921865e-003
2.186400e+003,-1.993425e-003
2.186882e+003,-2.012256e-003
2.187364e+003,-1.956110e-003
2.187846e+003,-1.814555e-003
2.188328e+003,-1.597007e-003
2.188810e+003,-1.333663e-003
2.189292e+003,-1.070425e-003
2.189774e+003,-8.546560e-004
2.190257e+003,-7.199940e-004
2.190739e+003,-6.787822e-004
2.191221e+003,-7.168283e-004
2.191703e+003,-8.002142e-004
2.192185e+003,-8.884548e-004
2.192667e+003,-9.492830e-004
2.193149e+003,-9.675908e-004
2.193631e+003,-9.471326e-004
2.194114e+003,-9.068014e-004
2.194596e+003,-8.715448e-004
2.195078e+003,-8.612764e-004
2.195560e+003,-8.857332e-004
2.196042e+003,-9.405721e-004
2.196524e+003,-1.010672e-003
2.197006e+003,-1.075662e-003
2.197488e+003,-1.115227e-003
2.197970e+003,-1.114717e-003
2.198453e+003,-1.069872e-003
2.198935e+003,-9.861452e-004
2.199417e+003,-8.785857e-004
2.199899e+003,-7.673906e-004
2.200381e+003,-6.733999e-004
2.200863e+003,-6.133064e-004
2.201345e+003,-5.946336e-004
2.201827e+003,-6.134831e-004
2.202310e+003,-6.583805e-004
2.202792e+003,-7.125522e-004
2.203274e+003,-7.601774e-004
2.203756e+003,-7.909169e-004
2.204238e+003,-8.036965e-004
2.204720e+003,-8.045830e-004
2.205202e+003,-8.041401e-004
2.205684e+003,-8.119614e-004
2.206167e+003,-8.351509e-004
2.206648e+003,-8.741845e-004
2.207131e+003,-9.249448e-004
2.207613e+003,-9.794800e-004
2.208095e+003,-1.028783e-003
2.208577e+003,-1.066154e-003
2.209059e+003,-1.085375e-003
2.209541e+003,-1.084341e-003
2.210023e+003,-1.065122e-003
2.210505e+003,-1.033722e-003
2.210988e+003,-1.000839e-003
2.211470e+003,-9.791085e-004
2.211952e+003,-9.805122e-004
2.212434e+003,-1.011733e-003
2.212916e+003,-1.071077e-003
2.213398e+003,-1.146663e-003
2.213880e+003,-1.220978e-003
2.214362e+003,-1.275258e-003
2.214845e+003,-1.297302e-003
2.215327e+003,-1.286002e-003
2.215809e+003,-1.252154e-003
2.216291e+003,-1.214312e-003
2.216773e+003,-1.191662e-003
2.217255e+003,-1.193959e-003
2.217737e+003,-1.221250e-003
2.218219e+003,-1.261291e-003
2.218702e+003,-1.296238e-003
2.219184e+003,-1.310457e-003
2.219666e+003,-1.297550e-003
2.220148e+003,-1.261745e-003
2.220630e+003,-1.214986e-003
2.221112e+003,-1.170542e-003
2.221594e+003,-1.137398e-003
2.222076e+003,-1.116387e-003
2.222559e+003,-1.100030e-003
2.223041e+003,-1.079299e-003
2.223523e+003,-1.049460e-003
2.224005e+003,-1.013625e-003
2.224487e+003,-9.832415e-004
2.224969e+003,-9.729664e-004
2.225451e+003,-9.942089e-004
2.225933e+003,-1.047996e-003
2.226416e+003,-1.123227e-003
2.226897e+003,-1.197898e-003
2.227380e+003,-1.247759e-003
2.227862e+003,-1.252484e-003
2.228344e+003,-1.203846e-003
2.228826e+003,-1.106538e-003
2.229308e+003,-9.782040e-004
2.229790e+003,-8.417737e-004
2.230272e+003,-7.189583e-004
2.230754e+003,-6.264652e-004
2.231237e+003,-5.738973e-004
2.231719e+003,-5.608674e-004
2.232201e+003,-5.824383e-004
2.232683e+003,-6.296285e-004
2.233165e+003,-6.936263e-004
2.233647e+003,-7.653634e-004
2.234129e+003,-8.366584e-004
2.234611e+003,-8.997549e-004
2.235094e+003,-9.474203e-004
2.235576e+003,-9.749149e-004
2.236058e+003,-9.799157e-004
2.236540e+003,-9.642423e-004
2.237022e+003,-9.342655e-004
2.237504e+003,-8.977652e-004
2.237986e+003,-8.630882e-004
2.238468e+003,-8.349338e-004
2.238950e+003,-8.138666e-004
2.239433e+003,-7.968170e-004
2.239915e+003,-7.794858e-004
2.240397e+003,-7.583199e-004
2.240879e+003,-7.362437e-004
2.241361e+003,-7.196254e-004
2.241843e+003,-7.192188e-004
2.242325e+003,-7.439045e-004
2.242807e+003,-7.968514e-004
2.243290e+003,-8.723816e-004
2.243771e+003,-9.550132e-004
2.244254e+003,-1.023884e-003
2.244736e+003,-1.059841e-003
2.245218e+003,-1.051260e-003
2.245700e+003,-9.988117e-004
2.246182e+003,-9.158033e-004
2.246664e+003,-8.231871e-004
2.247146e+003,-7.428417e-004
2.247628e+003,-6.902161e-004
2.248111e+003,-6.695635e-004
2.248593e+003,-6.752438e-004
2.249075e+003,-6.939523e-004
2.249557e+003,-7.126245e-004
2.250039e+003,-7.232224e-004
2.250521e+003,-7.264758e-004
2.251003e+003,-7.304606e-004
2.251485e+003,-7.460080e-004
2.251968e+003,-7.804268e-004
2.252450e+003,-8.350159e-004
2.252932e+003,-9.023607e-004
2.253414e+003,-9.688179e-004
2.253896e+003,-1.019290e-003
2.254378e+003,-1.042480e-003
2.254860e+003,-1.033897e-003
2.255342e+003,-9.966549e-004
2.255824e+003,-9.388512e-004
2.256307e+003,-8.721754e-004
2.256789e+003,-8.066486e-004
2.257271e+003,-7.493787e-004
2.257753e+003,-7.046329e-004
2.258235e+003,-6.739685e-004
2.258717e+003,-6.584018e-004
2.259199e+003,-6.589554e-004
2.259681e+003,-6.748525e-004
2.260164e+003,-7.066042e-004
2.260646e+003,-7.507979e-004
2.261128e+003,-8.034370e-004
2.261610e+003,-8.576559e-004
2.262092e+003,-9.062579e-004
2.262574e+003,-9.424775e-004
2.263056e+003,-9.615367e-004
2.263538e+003,-9.617411e-004
2.264021e+003,-9.442646e-004
2.264502e+003,-9.133021e-004
2.264985e+003,-8.744142e-004
2.265467e+003,-8.329768e-004
2.265949e+003,-7.930854e-004
2.266431e+003,-7.563174e-004
2.266913e+003,-7.214173e-004
2.267395e+003,-6.844219e-004
2.267877e+003,-6.407684e-004
2.268359e+003,-5.865440e-004
2.268842e+003,-5.198884e-004
2.269324e+003,-4.414567e-004
2.269806e+003,-3.549269e-004
2.270288e+003,-2.646131e-004
2.270770e+003,-1.732461e-004
2.271252e+003,-8.197460e-005
2.271734e+003,1.097784e-005
2.272216e+003,1.087809e-004
2.272699e+003,2.134597e-004
2.273181e+003,3.245627e-004
2.273663e+003,4.375733e-004
2.274145e+003,5.441003e-004
2.274627e+003,6.354666e-004
2.275109e+003,7.047685e-004
2.275591e+003,7.499396e-004
2.276073e+003,7.748877e-004
2.276556e+003,7.877274e-004
2.277038e+003,7.991811e-004
2.277520e+003,8.165407e-004
2.278002e+003,8.436590e-004
2.278484e+003,8.769171e-004
2.278966e+003,9.088732e-004
2.279448e+003,9.300769e-004
2.279930e+003,9.333231e-004
2.280413e+003,9.158858e-004
2.280895e+003,8.811428e-004
2.281377e+003,8.362290e-004
2.281859e+003,7.902839e-004
2.282341e+003,7.506682e-004
2.282823e+003,7.214341e-004
2.283305e+003,7.027087e-004
2.283787e+003,6.913387e-004
2.284270e+003,6.841184e-004
2.284751e+003,6.791123e-004
2.285234e+003,6.763157e-004
2.285716e+003,6.787818e-004
2.286198e+003,6.906713e-004
2.286680e+003,7.155636e-004
2.287162e+003,7.543424e-004
2.287644e+003,8.050864e-004
2.288126e+003,8.628524e-004
2.288608e+003,9.212683e-004
2.289091e+003,9.730294e-004
2.289573e+003,1.013085e-003
2.290055e+003,1.038512e-003
2.290537e+003,1.050125e-003
2.291019e+003,1.051158e-003
2.291501e+003,1.047009e-003
2.291983e+003,1.043477e-003
2.292465e+003,1.045660e-003
2.292948e+003,1.055913e-003
2.293430e+003,1.073657e-003
2.293912e+003,1.095954e-003
2.294394e+003,1.117877e-003
2.294876e+003,1.134481e-003
2.295358e+003,1.142852e-003
2.295840e+003,1.142691e-003
2.296322e+003,1.137854e-003
2.296804e+003,1.133793e-003
2.297287e+003,1.137570e-003
2.297769e+003,1.153783e-003
2.298251e+003,1.184091e-003
2.298733e+003,1.225121e-003
2.299215e+003,1.270989e-003
2.299697e+003,1.313634e-003
2.300179e+003,1.346779e-003
2.300661e+003,1.366765e-003
2.301144e+003,1.374570e-003
2.301625e+003,1.373768e-003
2.302108e+003,1.370512e-003
2.302590e+003,1.368921e-003
2.303072e+003,1.371326e-003
2.303554e+003,1.376655e-003
2.304036e+003,1.381674e-003
2.304518e+003,1.382536e-003
2.305000e+003,1.376670e-003
2.305482e+003,1.364942e-003
2.305965e+003,1.350270e-003
2.306447e+003,1.337697e-003
2.306929e+003,1.331921e-003
2.307411e+003,1.335718e-003
2.307893e+003,1.348425e-003
2.308375e+003,1.366605e-003
2.308857e+003,1.384814e-003
2.309339e+003,1.397307e-003
2.309822e+003,1.400903e-003
2.310304e+003,1.394298e-003
2.310786e+003,1.380488e-003
2.311268e+003,1.364242e-003
2.311750e+003,1.351626e-003
2.312232e+003,1.347630e-003
2.312714e+003,1.354078e-003
2.313196e+003,1.370464e-003
2.313678e+003,1.392824e-003
2.314161e+003,1.415576e-003
2.314643e+003,1.433087e-003
2.315125e+003,1.441842e-003
2.315607e+003,1.441182e-003
2.316089e+003,1.433142e-003
2.316571e+003,1.421942e-003
2.317053e+003,1.412451e-003
2.317535e+003,1.408704e-003
2.318018e+003,1.412443e-003
2.318500e+003,1.423398e-003
2.318982e+003,1.439925e-003
2.319464e+003,1.459653e-003
2.319946e+003,1.481454e-003
2.320428e+003,1.503920e-003
2.320910e+003,1.526725e-003
2.321392e+003,1.549873e-003
2.321875e+003,1.572435e-003
2.322356e+003,1.592840e-003
2.322839e+003,1.609345e-003
2.323321e+003,1.620693e-003
2.323803e+003,1.626348e-003
2.324285e+003,1.627072e-003
2.324767e+003,1.624391e-003
2.325249e+003,1.619683e-003
2.325731e+003,1.613792e-003
2.326213e+003,1.606924e-003
2.326696e+003,1.598509e-003
2.327178e+003,1.588952e-003
2.327660e+003,1.578773e-003
2.328142e+003,1.570361e-003
2.328624e+003,1.566389e-003
2.329106e+003,1.569946e-003
2.329588e+003,1.582259e-003
2.330070e+003,1.602293e-003
2.330553e+003,1.626371e-003
2.331035e+003,1.649475e-003
2.331517e+003,1.665800e-003
2.331999e+003,1.671317e-003
2.332481e+003,1.663489e-003
2.332963e+003,1.643147e-003
2.333445e+003,1.612828e-003
2.333927e+003,1.576709e-003
2.334410e+003,1.539251e-003
2.334892e+003,1.504686e-003
2.335374e+003,1.475620e-003
2.335856e+003,1.452756e-003
2.336338e+003,1.435207e-003
2.336820e+003,1.420301e-003
2.337302e+003,1.404419e-003
2.337784e+003,1.384427e-003
2.338267e+003,1.359094e-003
2.338749e+003,1.329919e-003
2.339231e+003,1.300553e-003
2.339713e+003,1.276450e-003
2.340195e+003,1.263070e-003
2.340677e+003,1.262790e-003
2.341159e+003,1.272292e-003
2.341641e+003,1.284219e-003
2.342124e+003,1.291643e-003
2.342605e+003,1.292274e-003
2.343088e+003,1.288458e-003
2.343570e+003,1.285284e-003
2.344052e+003,1.286262e-003
2.344534e+003,1.291156e-003
2.345016e+003,1.297608e-003
2.345498e+003,1.302560e-003
2.345980e+003,1.304538e-003
2.346462e+003,1.304149e-003
2.346945e+003,1.303550e-003
2.347427e+003,1.304702e-003
2.347909e+003,1.309404e-003
2.348391e+003,1.318031e-003
2.348873e+003,1.328956e-003
2.349355e+003,1.338958e-003
2.349837e+003,1.343744e-003
2.350319e+003,1.340157e-003
2.350802e+003,1.328426e-003
2.351284e+003,1.313851e-003
2.351766e+003,1.304567e-003
2.352248e+003,1.307376e-003
2.352730e+003,1.321443e-003
2.353212e+003,1.339873e-003
2.353694e+003,1.354318e-003
2.354176e+003,1.361043e-003
2.354658e+003,1.360523e-003
2.355141e+003,1.355781e-003
2.355623e+003,1.348942e-003
2.356105e+003,1.339925e-003
2.356587e+003,1.328847e-003
2.357069e+003,1.318574e-003
2.357551e+003,1.315458e-003
2.358033e+003,1.323658e-003
2.358515e+003,1.338689e-003
2.358998e+003,1.347317e-003
2.359479e+003,1.337171e-003
2.359962e+003,1.307923e-003
2.360444e+003,1.274190e-003
2.360926e+003,1.254612e-003
2.361408e+003,1.258783e-003
2.361890e+003,1.283911e-003
2.362372e+003,1.317872e-003
2.362854e+003,1.345562e-003
2.363336e+003,1.356564e-003
2.363819e+003,1.350680e-003
2.364301e+003,1.334297e-003
2.364783e+003,1.314645e-003
2.365265e+003,1.294647e-003
2.365747e+003,1.272747e-003
2.366229e+003,1.245075e-003
2.366711e+003,1.210510e-003
2.367193e+003,1.172906e-003
2.367676e+003,1.142215e-003
2.368158e+003,1.129679e-003
2.368640e+003,1.143427e-003
2.369122e+003,1.184067e-003
2.369604e+003,1.244477e-003
2.370086e+003,1.311715e-003
2.370568e+003,1.371664e-003
2.371050e+003,1.413468e-003
2.371532e+003,1.432351e-003
2.372015e+003,1.429712e-003
2.372497e+003,1.411545e-003
2.372979e+003,1.385587e-003
2.373461e+003,1.358771e-003
2.373943e+003,1.335434e-003
2.374425e+003,1.317032e-003
2.374907e+003,1.302912e-003
2.375390e+003,1.291963e-003
2.375872e+003,1.282949e-003
2.376354e+003,1.275251e-003
2.376836e+003,1.268991e-003
2.377318e+003,1.264833e-003
2.377800e+003,1.263931e-003
2.378282e+003,1.267612e-003
2.378764e+003,1.277863e-003
2.379247e+003,1.296221e-003
2.379729e+003,1.323028e-003
2.380211e+003,1.356976e-003
2.380693e+003,1.394144e-003
2.381175e+003,1.428915e-003
2.381657e+003,1.454619e-003
2.382139e+003,1.466684e-003
2.382621e+003,1.463842e-003
2.383104e+003,1.448805e-003
2.383585e+003,1.427604e-003
2.384068e+003,1.408442e-003
2.384550e+003,1.397749e-003
2.385032e+003,1.399398e-003
2.385514e+003,1.412453e-003
2.385996e+003,1.432789e-003
2.386478e+003,1.454148e-003
2.386960e+003,1.470767e-003
2.387442e+003,1.478067e-003
2.387925e+003,1.474622e-003
2.388407e+003,1.461493e-003
2.388889e+003,1.441700e-003
2.389371e+003,1.419139e-003
2.389853e+003,1.398295e-003
2.390335e+003,1.383117e-003
2.390817e+003,1.378143e-003
2.391299e+003,1.384838e-003
2.391781e+003,1.404257e-003
2.392264e+003,1.434299e-003
2.392746e+003,1.470572e-003
2.393228e+003,1.507222e-003
2.393710e+003,1.538134e-003
2.394192e+003,1.558425e-003
2.394674e+003,1.565997e-003
2.395156e+003,1.560787e-003
2.395638e+003,1.545443e-003
2.396121e+003,1.522827e-003
2.396603e+003,1.496724e-003
2.397085e+003,1.470299e-003
2.397567e+003,1.447262e-003
2.398049e+003,1.430991e-003
2.398531e+003,1.426121e-003
2.399013e+003,1.436166e-003
2.399495e+003,1.462565e-003
2.399978e+003,1.503466e-003
2.400459e+003,1.552765e-003
2.400942e+003,1.601754e-003
2.401424e+003,1.640753e-003
2.401906e+003,1.661388e-003
2.402388e+003,1.660157e-003
2.402870e+003,1.637396e-003
2.403352e+003,1.599260e-003
2.403834e+003,1.554091e-003
2.404316e+003,1.510669e-003
2.404799e+003,1.474814e-003
2.405281e+003,1.449466e-003
2.405763e+003,1.434305e-003
2.406245e+003,1.427961e-003
2.406727e+003,1.427805e-003
2.407209e+003,1.432545e-003
2.407691e+003,1.441762e-003
2.408173e+003,1.456005e-003
2.408656e+003,1.475695e-003
2.409138e+003,1.501592e-003
2.409620e+003,1.533366e-003
2.410102e+003,1.571028e-003
2.410584e+003,1.613330e-003
2.411066e+003,1.658690e-003
2.411548e+003,1.704055e-003
2.412030e+003,1.745824e-003
2.412512e+003,1.778920e-003
2.412995e+003,1.799131e-003
2.413477e+003,1.804252e-003
2.413959e+003,1.795013e-003
2.414441e+003,1.774246e-003
2.414923e+003,1.747397e-003
2.415405e+003,1.719629e-003
2.415887e+003,1.695109e-003
2.416369e+003,1.675188e-003
2.416852e+003,1.659499e-003
2.417333e+003,1.646070e-003
2.417816e+003,1.634315e-003
2.418298e+003,1.624063e-003
2.418780e+003,1.617290e-003
2.419262e+003,1.615976e-003
2.419744e+003,1.621605e-003
2.420226e+003,1.633049e-003
2.420708e+003,1.646998e-003
2.421190e+003,1.659202e-003
2.421673e+003,1.665701e-003
2.422155e+003,1.663619e-003
2.422637e+003,1.653448e-003
2.423119e+003,1.637404e-003
2.423601e+003,1.619276e-003
2.424083e+003,1.602306e-003
2.424565e+003,1.589324e-003
2.425047e+003,1.581176e-003
2.425530e+003,1.578801e-003
2.426012e+003,1.581149e-003
2.426494e+003,1.587806e-003
2.426976e+003,1.596964e-003
2.427458e+003,1.606773e-003
2.427940e+003,1.614069e-003
2.428422e+003,1.615432e-003
2.428904e+003,1.607389e-003
2.429387e+003,1.588408e-003
2.429869e+003,1.558260e-003
2.430351e+003,1.519636e-003
2.430833e+003,1.476371e-003
2.431315e+003,1.433618e-003
2.431797e+003,1.396025e-003
2.432279e+003,1.367825e-003
2.432761e+003,1.352110e-003
2.433244e+003,1.350880e-003
2.433726e+003,1.364568e-003
2.434208e+003,1.392812e-003
2.434690e+003,1.432879e-003
2.435172e+003,1.480224e-003
2.435654e+003,1.528129e-003
2.436136e+003,1.569998e-003
2.436618e+003,1.599510e-003
2.437101e+003,1.614399e-003
2.437583e+003,1.614725e-003
2.438065e+003,1.604786e-003
2.438547e+003,1.590416e-003
2.439029e+003,1.577506e-003
2.439511e+003,1.569371e-003
2.439993e+003,1.565983e-003
2.440475e+003,1.564129e-003
2.440958e+003,1.558725e-003
2.441439e+003,1.544503e-003
2.441922e+003,1.518863e-003
2.442404e+003,1.482378e-003
2.442886e+003,1.439873e-003
2.443368e+003,1.398553e-003
2.443850e+003,1.366868e-003
2.444332e+003,1.352423e-003
2.444814e+003,1.360586e-003
2.445296e+003,1.391892e-003
2.445779e+003,1.442638e-003
2.446261e+003,1.504784e-003
2.446743e+003,1.567227e-003
2.447225e+003,1.617813e-003
2.447707e+003,1.646322e-003
2.448189e+003,1.646372e-003
2.448671e+003,1.617407e-003
2.449153e+003,1.564275e-003
2.449635e+003,1.496781e-003
2.450118e+003,1.427085e-003
2.450600e+003,1.368090e-003
2.451082e+003,1.328956e-003
2.451564e+003,1.315918e-003
2.452046e+003,1.329848e-003
2.452528e+003,1.367793e-003
2.453010e+003,1.423439e-003
2.453492e+003,1.488889e-003
2.453975e+003,1.556107e-003
2.454457e+003,1.618961e-003
2.454939e+003,1.672922e-003
2.455421e+003,1.716993e-003
2.455903e+003,1.753072e-003
2.456385e+003,1.784858e-003
2.456867e+003,1.816358e-003
2.457349e+003,1.850139e-003
2.457832e+003,1.885957e-003
2.458313e+003,1.919856e-003
2.458796e+003,1.945899e-003
2.459278e+003,1.957753e-003
2.459760e+003,1.950560e-003
2.460242e+003,1.924329e-003
2.460724e+003,1.882832e-003
2.461206e+003,1.833963e-003
2.461688e+003,1.786694e-003
2.462170e+003,1.750020e-003
2.462653e+003,1.729001e-003
2.463135e+003,1.725544e-003
2.463617e+003,1.738213e-003
2.464099e+003,1.764248e-003
2.464581e+003,1.799298e-003
2.465063e+003,1.839950e-003
2.465545e+003,1.882702e-003
2.466027e+003,1.924473e-003
2.466510e+003,1.962007e-003
2.466992e+003,1.991830e-003
2.467474e+003,2.010882e-003
2.467956e+003,2.017989e-003
2.468438e+003,2.013728e-003
2.468920e+003,2.000444e-003
2.469402e+003,1.981940e-003
2.469884e+003,1.962420e-003
2.470367e+003,1.944846e-003
2.470849e+003,1.930729e-003
2.471331e+003,1.920716e-003
2.471813e+003,1.914643e-003
2.472295e+003,1.912597e-003
2.472777e+003,1.915184e-003
2.473259e+003,1.923480e-003
2.473741e+003,1.938569e-003
2.474224e+003,1.960331e-003
2.474706e+003,1.987276e-003
2.475188e+003,2.016447e-003
2.475670e+003,2.044110e-003
2.476152e+003,2.065745e-003
2.476634e+003,2.077816e-003
2.477116e+003,2.077850e-003
2.477598e+003,2.065958e-003
2.478081e+003,2.043193e-003
2.478563e+003,2.013760e-003
2.479044e+003,1.983032e-003
2.479527e+003,1.957470e-003
2.480009e+003,1.942638e-003
2.480491e+003,1.942648e-003
2.480973e+003,1.958296e-003
2.481455e+003,1.987412e-003
2.481938e+003,2.024631e-003
2.482419e+003,2.062856e-003
2.482901e+003,2.095228e-003
2.483384e+003,2.116819e-003
2.483866e+003,2.124498e-003
2.484348e+003,2.118413e-003
2.484830e+003,2.100482e-003
2.485312e+003,2.074231e-003
2.485794e+003,2.043490e-003
2.486276e+003,2.013394e-003
2.486758e+003,1.989037e-003
2.487241e+003,1.976993e-003
2.487723e+003,1.982373e-003
2.488205e+003,2.009220e-003
2.488687e+003,2.057785e-003
2.489169e+003,2.123578e-003
2.489651e+003,2.197471e-003
2.490133e+003,2.267298e-003
2.490615e+003,2.319639e-003
2.491098e+003,2.344285e-003
2.491580e+003,2.335501e-003
2.492062e+003,2.293696e-003
2.492544e+003,2.225007e-003
2.493026e+003,2.139847e-003
2.493508e+003,2.050121e-003
2.493990e+003,1.967063e-003
2.494472e+003,1.899050e-003
2.494955e+003,1.851610e-003
2.495437e+003,1.825499e-003
2.495918e+003,1.818489e-003
2.496401e+003,1.825656e-003
2.496883e+003,1.841771e-003
2.497365e+003,1.861462e-003
2.497847e+003,1.881910e-003
2.498329e+003,1.902412e-003
2.498812e+003,1.925392e-003
2.499293e+003,1.953627e-003
2.499775e+003,1.989209e-003
2.500258e+003,2.031502e-003
2.500740e+003,2.077270e-003
2.501222e+003,2.120443e-003
2.501704e+003,2.154980e-003
2.502186e+003,2.177254e-003
2.502668e+003,2.188105e-003
2.503150e+003,2.192069e-003
2.503632e+003,2.196915e-003
2.504115e+003,2.209822e-003
2.504597e+003,2.234768e-003
2.505079e+003,2.271215e-003
2.505561e+003,2.314364e-003
2.506043e+003,2.357481e-003
2.506525e+003,2.394996e-003
2.507007e+003,2.423318e-003
2.507489e+003,2.443299e-003
2.507972e+003,2.457056e-003
2.508454e+003,2.467852e-003
2.508936e+003,2.476732e-003
2.509418e+003,2.482963e-003
2.509900e+003,2.484444e-003
2.510382e+003,2.480299e-003
2.510864e+003,2.471206e-003
2.511346e+003,2.461042e-003
2.511829e+003,2.454166e-003
2.512311e+003,2.454825e-003
2.512793e+003,2.463304e-003
2.513275e+003,2.476003e-003
2.513757e+003,2.485991e-003
2.514239e+003,2.486231e-003
2.514721e+003,2.471194e-003
2.515203e+003,2.440626e-003
2.515686e+003,2.398995e-003
2.516167e+003,2.354460e-003
2.516650e+003,2.315409e-003
2.517132e+003,2.288942e-003
2.517614e+003,2.277615e-003
2.518096e+003,2.280758e-003
2.518578e+003,2.294017e-003
2.519060e+003,2.312465e-003
2.519542e+003,2.331467e-003
2.520024e+003,2.348262e-003
2.520507e+003,2.361789e-003
2.520989e+003,2.373048e-003
2.521471e+003,2.383342e-003
2.521953e+003,2.395299e-003
2.522435e+003,2.410410e-003
2.522917e+003,2.430217e-003
2.523399e+003,2.454466e-003
2.523881e+003,2.481991e-003
2.524364e+003,2.508856e-003
2.524846e+003,2.531162e-003
2.525328e+003,2.544075e-003
2.525810e+003,2.545253e-003
2.526292e+003,2.534057e-003
2.526774e+003,2.512835e-003
2.527256e+003,2.485433e-003
2.527738e+003,2.456459e-003
2.528221e+003,2.428242e-003
2.528703e+003,2.401673e-003
2.529185e+003,2.375129e-003
2.529667e+003,2.347163e-003
2.530149e+003,2.316581e-003
2.530631e+003,2.284954e-003
2.531113e+003,2.256534e-003
2.531595e+003,2.237517e-003
2.532078e+003,2.233055e-003
2.532560e+003,2.245981e-003
2.533042e+003,2.276057e-003
2.533524e+003,2.319317e-003
2.534006e+003,2.368878e-003
2.534488e+003,2.418243e-003
2.534970e+003,2.461469e-003
2.535452e+003,2.495900e-003
2.535935e+003,2.520679e-003
2.536417e+003,2.537198e-003
2.536898e+003,2.547072e-003
2.537381e+003,2.552497e-003
2.537863e+003,2.553691e-003
2.538345e+003,2.550958e-003
2.538827e+003,2.544291e-003
2.539309e+003,2.534478e-003
2.539792e+003,2.523229e-003
2.540273e+003,2.513495e-003
2.540755e+003,2.508934e-003
2.541238e+003,2.512689e-003
2.541720e+003,2.526713e-003
2.542202e+003,2.550984e-003
2.542684e+003,2.583358e-003
2.543166e+003,2.620367e-003
2.543648e+003,2.657430e-003
2.544130e+003,2.690266e-003
2.544612e+003,2.715418e-003
2.545095e+003,2.731330e-003
2.545577e+003,2.736127e-003
2.546059e+003,2.729530e-003
2.546541e+003,2.710593e-003
2.547023e+003,2.679520e-003
2.547505e+003,2.636776e-003
2.547987e+003,2.585615e-003
2.548469e+003,2.531329e-003
2.548952e+003,2.482008e-003
2.549434e+003,2.446018e-003
2.549916e+003,2.430501e-003
2.550398e+003,2.438937e-003
2.550880e+003,2.470130e-003
2.551362e+003,2.517482e-003
2.551844e+003,2.571687e-003
2.552326e+003,2.622261e-003
2.552809e+003,2.661708e-003
2.553291e+003,2.685565e-003
2.553772e+003,2.694638e-003
2.554255e+003,2.692215e-003
2.554737e+003,2.684396e-003
2.555219e+003,2.676623e-003
2.555701e+003,2.674091e-003
2.556183e+003,2.679558e-003
2.556666e+003,2.696098e-003
2.557147e+003,2.723867e-003
2.557629e+003,2.762398e-003
2.558112e+003,2.808611e-003
2.558594e+003,2.857911e-003
2.559076e+003,2.903783e-003
2.559558e+003,2.938805e-003
2.560040e+003,2.957706e-003
2.560522e+003,2.959026e-003
2.561004e+003,2.945031e-003
2.561486e+003,2.921958e-003
2.561969e+003,2.898550e-003
2.562451e+003,2.882332e-003
2.562933e+003,2.878748e-003
2.563415e+003,2.888724e-003
2.563897e+003,2.909307e-003
2.564379e+003,2.935630e-003
2.564861e+003,2.961248e-003
2.565343e+003,2.981130e-003
2.565826e+003,2.991653e-003
2.566308e+003,2.991195e-003
2.566790e+003,2.979420e-003
2.567272e+003,2.957555e-003
2.567754e+003,2.928254e-003
2.568236e+003,2.895650e-003
2.568718e+003,2.863927e-003
2.569200e+003,2.838349e-003
2.569683e+003,2.822180e-003
2.570165e+003,2.816958e-003
2.570647e+003,2.821584e-003
2.571129e+003,2.833091e-003
2.571611e+003,2.847867e-003
2.572093e+003,2.864396e-003
2.572575e+003,2.882357e-003
2.573057e+003,2.904601e-003
2.573540e+003,2.934213e-003
2.574021e+003,2.973089e-003
2.574504e+003,3.020007e-003
2.574986e+003,3.069059e-003
2.575468e+003,3.112259e-003
2.575950e+003,3.141244e-003
2.576432e+003,3.149357e-003
2.576914e+003,3.135923e-003
2.577396e+003,3.104507e-003
2.577878e+003,3.064289e-003
2.578361e+003,3.025140e-003
2.578843e+003,2.996644e-003
2.579325e+003,2.984419e-003
2.579807e+003,2.990202e-003
2.580289e+003,3.010806e-003
2.580771e+003,3.040940e-003
2.581253e+003,3.073364e-003
2.581735e+003,3.102528e-003
2.582218e+003,3.124608e-003
2.582700e+003,3.138912e-003
2.583182e+003,3.147026e-003
2.583664e+003,3.153281e-003
2.584146e+003,3.162242e-003
2.584628e+003,3.177952e-003
2.585110e+003,3.202535e-003
2.585592e+003,3.235929e-003
2.586075e+003,3.274211e-003
2.586557e+003,3.312600e-003
2.587039e+003,3.345486e-003
2.587521e+003,3.368685e-003
2.588003e+003,3.379385e-003
2.588485e+003,3.378276e-003
2.588967e+003,3.367620e-003
2.589449e+003,3.351305e-003
2.589932e+003,3.333812e-003
2.590414e+003,3.319321e-003
2.590896e+003,3.311785e-003
2.591378e+003,3.315082e-003
2.591860e+003,3.331747e-003
2.592342e+003,3.362843e-003
2.592824e+003,3.406825e-003
2.593306e+003,3.460135e-003
2.593789e+003,3.515733e-003
2.594271e+003,3.566704e-003
2.594752e+003,3.606279e-003
2.595235e+003,3.631185e-003
2.595717e+003,3.641555e-003
2.596199e+003,3.641676e-003
2.596681e+003,3.636841e-003
2.597163e+003,3.632992e-003
2.597646e+003,3.633652e-003
2.598127e+003,3.639967e-003
2.598609e+003,3.651090e-003
2.599092e+003,3.666397e-003
2.599574e+003,3.685975e-003
2.600056e+003,3.712036e-003
2.600538e+003,3.747381e-003
2.601020e+003,3.794609e-003
2.601502e+003,3.852448e-003
2.601984e+003,3.916654e-003
2.602466e+003,3.978991e-003
2.602949e+003,4.030974e-003
2.603431e+003,4.064620e-003
2.603913e+003,4.076482e-003
2.604395e+003,4.067891e-003
2.604877e+003,4.045078e-003
2.605359e+003,4.016907e-003
2.605841e+003,3.993459e-003
2.606323e+003,3.982838e-003
2.606806e+003,3.991413e-003
2.607288e+003,4.020676e-003
2.607770e+003,4.069773e-003
2.608252e+003,4.134095e-003
2.608734e+003,4.207307e-003
2.609216e+003,4.281193e-003
2.609698e+003,4.347790e-003
2.610180e+003,4.400542e-003
2.610663e+003,4.436687e-003
2.611145e+003,4.456571e-003
2.611626e+003,4.465041e-003
2.612109e+003,4.469228e-003
2.612591e+003,4.476388e-003
2.613073e+003,4.491530e-003
2.613555e+003,4.516461e-003
2.614037e+003,4.548950e-003
2.614520e+003,4.584486e-003
2.615001e+003,4.617941e-003
2.615483e+003,4.645715e-003
2.615966e+003,4.667097e-003
2.616448e+003,4.683742e-003
2.616930e+003,4.699490e-003
2.617412e+003,4.718524e-003
2.617894e+003,4.743765e-003
2.618376e+003,4.776465e-003
2.618858e+003,4.815829e-003
2.619340e+003,4.859834e-003
2.619823e+003,4.905988e-003
2.620305e+003,4.951436e-003
2.620787e+003,4.994073e-003
2.621269e+003,5.032487e-003
2.621751e+003,5.065341e-003
2.622233e+003,5.092400e-003
2.622715e+003,5.113098e-003
2.623198e+003,5.127930e-003
2.623680e+003,5.136334e-003
2.624162e+003,5.138527e-003
2.624644e+003,5.134582e-003
2.625126e+003,5.125259e-003
2.625608e+003,5.112813e-003
2.626090e+003,5.101430e-003
2.626572e+003,5.095941e-003
2.627055e+003,5.101884e-003
2.627537e+003,5.123261e-003
2.628019e+003,5.160953e-003
2.628501e+003,5.211861e-003
2.628983e+003,5.269644e-003
2.629465e+003,5.325955e-003
2.629947e+003,5.374112e-003
2.630429e+003,5.409677e-003
2.630912e+003,5.433374e-003
2.631394e+003,5.449404e-003
2.631875e+003,5.464111e-003
2.632358e+003,5.482485e-003
2.632840e+003,5.507495e-003
2.633322e+003,5.537575e-003
2.633804e+003,5.569186e-003
2.634286e+003,5.596381e-003
2.634769e+003,5.615433e-003
2.635250e+003,5.624332e-003
2.635732e+003,5.624467e-003
2.636215e+003,5.617872e-003
2.636697e+003,5.607837e-003
2.637179e+003,5.596467e-003
2.637661e+003,5.585143e-003
2.638143e+003,5.574873e-003
2.638625e+003,5.566804e-003
2.639107e+003,5.563044e-003
2.639589e+003,5.566310e-003
2.640072e+003,5.579147e-003
2.640554e+003,5.601686e-003
2.641036e+003,5.631940e-003
2.641518e+003,5.665265e-003
2.642000e+003,5.695370e-003
2.642482e+003,5.716777e-003
2.642964e+003,5.726542e-003
2.643446e+003,5.725262e-003
2.643929e+003,5.716884e-003
2.644411e+003,5.707827e-003
2.644893e+003,5.703841e-003
2.645375e+003,5.709007e-003
2.645857e+003,5.724007e-003
2.646339e+003,5.746583e-003
2.646821e+003,5.772385e-003
2.647303e+003,5.796960e-003
2.647786e+003,5.816603e-003
2.648268e+003,5.830549e-003
2.648750e+003,5.840192e-003
2.649232e+003,5.848926e-003
2.649714e+003,5.860104e-003
2.650196e+003,5.877015e-003
2.650678e+003,5.900876e-003
2.651160e+003,5.931675e-003
2.651643e+003,5.967128e-003
2.652125e+003,6.004579e-003
2.652606e+003,6.041031e-003
2.653089e+003,6.074450e-003
2.653571e+003,6.103249e-003
2.654053e+003,6.127230e-003
2.654535e+003,6.146787e-003
2.655017e+003,6.162513e-003
2.655500e+003,6.175451e-003
2.655981e+003,6.187263e-003
2.656463e+003,6.199001e-003
2.656946e+003,6.213026e-003
2.657428e+003,6.230866e-003
2.657910e+003,6.254299e-003
2.658392e+003,6.283619e-003
2.658874e+003,6.318167e-003
2.659356e+003,6.355420e-003
2.659838e+003,6.392158e-003
2.660320e+003,6.424675e-003
2.660803e+003,6.450044e-003
2.661285e+003,6.466015e-003
2.661767e+003,6.472419e-003
2.662249e+003,6.469738e-003
2.662731e+003,6.459019e-003
2.663213e+003,6.441445e-003
2.663695e+003,6.418214e-003
2.664177e+003,6.390051e-003
2.664660e+003,6.358935e-003
2.665142e+003,6.327405e-003
2.665624e+003,6.298750e-003
2.666106e+003,6.277004e-003
2.666588e+003,6.265583e-003
2.667070e+003,6.266324e-003
2.667552e+003,6.278949e-003
2.668034e+003,6.301172e-003
2.668517e+003,6.329042e-003
2.668999e+003,6.357134e-003
2.669481e+003,6.382055e-003
2.669963e+003,6.400162e-003
2.670445e+003,6.410680e-003
2.670927e+003,6.413856e-003
2.671409e+003,6.411566e-003
2.671891e+003,6.406907e-003
2.672374e+003,6.402432e-003
2.672855e+003,6.401118e-003
2.673338e+003,6.404291e-003
2.673820e+003,6.411922e-003
2.674302e+003,6.422314e-003
2.674784e+003,6.433099e-003
2.675266e+003,6.441719e-003
2.675748e+003,6.446378e-003
2.676230e+003,6.448118e-003
2.676712e+003,6.450629e-003
2.677195e+003,6.459496e-003
2.677677e+003,6.479850e-003
2.678159e+003,6.515800e-003
2.678641e+003,6.566295e-003
2.679123e+003,6.627030e-003
2.679605e+003,6.690084e-003
2.680087e+003,6.746805e-003
2.680569e+003,6.789185e-003
2.681052e+003,6.813383e-003
2.681534e+003,6.819508e-003
2.682016e+003,6.810532e-003
2.682498e+003,6.790893e-003
2.682980e+003,6.764551e-003
2.683462e+003,6.733648e-003
2.683944e+003,6.699400e-003
2.684426e+003,6.662406e-003
2.684909e+003,6.624291e-003
2.685391e+003,6.588208e-003
2.685873e+003,6.558974e-003
2.686355e+003,6.540711e-003
2.686837e+003,6.536404e-003
2.687319e+003,6.545721e-003
2.687801e+003,6.566144e-003
2.688283e+003,6.592978e-003
2.688766e+003,6.621978e-003
2.689248e+003,6.650508e-003
2.689729e+003,6.678645e-003
2.690212e+003,6.707728e-003
2.690694e+003,6.740055e-003
2.691176e+003,6.776439e-003
2.691658e+003,6.815229e-003
2.692140e+003,6.852887e-003
2.692623e+003,6.884688e-003
2.693104e+003,6.906719e-003
2.693586e+003,6.916875e-003
2.694069e+003,6.917292e-003
2.694551e+003,6.912244e-003
2.695033e+003,6.907605e-003
2.695515e+003,6.909153e-003
2.695997e+003,6.920568e-003
2.696479e+003,6.942653e-003
2.696961e+003,6.973989e-003
2.697443e+003,7.011247e-003
2.697926e+003,7.049975e-003
2.698408e+003,7.087455e-003
2.698890e+003,7.121968e-003
2.699372e+003,7.154296e-003
2.699854e+003,7.186199e-003
2.700336e+003,7.220311e-003
2.700818e+003,7.257769e-003
2.701300e+003,7.299309e-003
2.701783e+003,7.342470e-003
2.702265e+003,7.383564e-003
2.702747e+003,7.418353e-003
2.703229e+003,7.443337e-003
2.703711e+003,7.457007e-003
2.704193e+003,7.460725e-003
2.704675e+003,7.457921e-003
2.705157e+003,7.453609e-003
2.705640e+003,7.452861e-003
2.706122e+003,7.459426e-003
2.706604e+003,7.474742e-003
2.707086e+003,7.499182e-003
2.707568e+003,7.530750e-003
2.708050e+003,7.567688e-003
2.708532e+003,7.607319e-003
2.709014e+003,7.647964e-003
2.709497e+003,7.687121e-003
2.709979e+003,7.722861e-003
2.710460e+003,7.753088e-003
2.710943e+003,7.777167e-003
2.711425e+003,7.795393e-003
2.711907e+003,7.809910e-003
2.712389e+003,7.823621e-003
2.712871e+003,7.840167e-003
2.713354e+003,7.861455e-003
2.713835e+003,7.887148e-003
2.714317e+003,7.915052e-003
2.714800e+003,7.941883e-003
2.715282e+003,7.963848e-003
2.715764e+003,7.979455e-003
2.716246e+003,7.989555e-003
2.716728e+003,7.996957e-003
2.717210e+003,8.005140e-003
2.717692e+003,8.017004e-003
2.718174e+003,8.033792e-003
2.718657e+003,8.055627e-003
2.719139e+003,8.081148e-003
2.719621e+003,8.110031e-003
2.720103e+003,8.142740e-003
2.720585e+003,8.180989e-003
2.721067e+003,8.225939e-003
2.721549e+003,8.276925e-003
2.722031e+003,8.330678e-003
2.722514e+003,8.381689e-003
2.722996e+003,8.423600e-003
2.723478e+003,8.451678e-003
2.723960e+003,8.464977e-003
2.724442e+003,8.466930e-003
2.724924e+003,8.464108e-003
2.725406e+003,8.463998e-003
2.725888e+003,8.472079e-003
2.726371e+003,8.490554e-003
2.726853e+003,8.517161e-003
2.727335e+003,8.547158e-003
2.727817e+003,8.575656e-003
2.728299e+003,8.599744e-003
2.728781e+003,8.618662e-003
2.729263e+003,8.634613e-003
2.729745e+003,8.650426e-003
2.730228e+003,8.668109e-003
2.730709e+003,8.688150e-003
2.731192e+003,8.709621e-003
2.731674e+003,8.731043e-003
2.732156e+003,8.752076e-003
2.732638e+003,8.773787e-003
2.733120e+003,8.798694e-003
2.733602e+003,8.829272e-003
2.734084e+003,8.866988e-003
2.734566e+003,8.911021e-003
2.735049e+003,8.958563e-003
2.735531e+003,9.006150e-003
2.736013e+003,9.050360e-003
2.736495e+003,9.089256e-003
2.736977e+003,9.122816e-003
2.737459e+003,9.151773e-003
2.737941e+003,9.176937e-003
2.738423e+003,9.198057e-003
2.738906e+003,9.214518e-003
2.739388e+003,9.225196e-003
2.739870e+003,9.230064e-003
2.740352e+003,9.231405e-003
2.740834e+003,9.233584e-003
2.741316e+003,9.241779e-003
2.741798e+003,9.261419e-003
2.742280e+003,9.294566e-003
2.742763e+003,9.340637e-003
2.743245e+003,9.395413e-003
2.743727e+003,9.452513e-003
2.744209e+003,9.504545e-003
2.744691e+003,9.545811e-003
2.745173e+003,9.572273e-003
2.745655e+003,9.583575e-003
2.746137e+003,9.581067e-003
2.746620e+003,9.568607e-003
2.747102e+003,9.550828e-003
2.747583e+003,9.533162e-003
2.748066e+003,9.520434e-003
2.748548e+003,9.516968e-003
2.749030e+003,9.525763e-003
2.749512e+003,9.547977e-003
2.749994e+003,9.582845e-003
2.750477e+003,9.628227e-003
2.750958e+003,9.680758e-003
2.751440e+003,9.737167e-003
2.751923e+003,9.794292e-003
2.752405e+003,9.850501e-003
2.752887e+003,9.904631e-003
2.753369e+003,9.955863e-003
2.753851e+003,1.000346e-002
2.754333e+003,1.004674e-002
2.754815e+003,1.008487e-002
2.755297e+003,1.011844e-002
2.755780e+003,1.014904e-002
2.756262e+003,1.017938e-002
2.756744e+003,1.021325e-002
2.757226e+003,1.025368e-002
2.757708e+003,1.030151e-002
2.758190e+003,1.035506e-002
2.758672e+003,1.041015e-002
2.759154e+003,1.046126e-002
2.759637e+003,1.050349e-002
2.760119e+003,1.053421e-002
2.760601e+003,1.055426e-002
2.761083e+003,1.056796e-002
2.761565e+003,1.058115e-002
2.762047e+003,1.060028e-002
2.762529e+003,1.062962e-002
2.763011e+003,1.067039e-002
2.763494e+003,1.072078e-002
2.763976e+003,1.077725e-002
2.764458e+003,1.083558e-002
2.764940e+003,1.089293e-002
2.765422e+003,1.094830e-002
2.765904e+003,1.100186e-002
2.766386e+003,1.105528e-002
2.766868e+003,1.110977e-002
2.767351e+003,1.116547e-002
2.767833e+003,1.122142e-002
2.768314e+003,1.127563e-002
2.768797e+003,1.132646e-002
2.769279e+003,1.137254e-002
2.769761e+003,1.141417e-002
2.770243e+003,1.145275e-002
2.770725e+003,1.149072e-002
2.771208e+003,1.153018e-002
2.771689e+003,1.157355e-002
2.772171e+003,1.162176e-002
2.772654e+003,1.167678e-002
2.773136e+003,1.173938e-002
2.773618e+003,1.181076e-002
2.774100e+003,1.189169e-002
2.774582e+003,1.198223e-002
2.775064e+003,1.208078e-002
2.775546e+003,1.218433e-002
2.776028e+003,1.228828e-002
2.776511e+003,1.238728e-002
2.776993e+003,1.247647e-002
2.777475e+003,1.255352e-002
2.777957e+003,1.261803e-002
2.778439e+003,1.267239e-002
2.778921e+003,1.272116e-002
2.779403e+003,1.276806e-002
2.779885e+003,1.281772e-002
2.780368e+003,1.287225e-002
2.780850e+003,1.293284e-002
2.781332e+003,1.299915e-002
2.781814e+003,1.307091e-002
2.782296e+003,1.314714e-002
2.782778e+003,1.322731e-002
2.783260e+003,1.331059e-002
2.783742e+003,1.339490e-002
2.784225e+003,1.347790e-002
2.784707e+003,1.355670e-002
2.785189e+003,1.362928e-002
2.785671e+003,1.369490e-002
2.786153e+003,1.375555e-002
2.786635e+003,1.381568e-002
2.787117e+003,1.388092e-002
2.787599e+003,1.395696e-002
2.788082e+003,1.404809e-002
2.788563e+003,1.415524e-002
2.789046e+003,1.427692e-002
2.789528e+003,1.440929e-002
2.790010e+003,1.454753e-002
2.790492e+003,1.468668e-002
2.790974e+003,1.482306e-002
2.791456e+003,1.495409e-002
2.791938e+003,1.507807e-002
2.792420e+003,1.519348e-002
2.792903e+003,1.529939e-002
2.793385e+003,1.539500e-002
2.793867e+003,1.548098e-002
2.794349e+003,1.555941e-002
2.794831e+003,1.563502e-002
2.795313e+003,1.571363e-002
2.795795e+003,1.580152e-002
2.796277e+003,1.590353e-002
2.796760e+003,1.602160e-002
2.797242e+003,1.615379e-002
2.797724e+003,1.629453e-002
2.798206e+003,1.643660e-002
2.798688e+003,1.657289e-002
2.799170e+003,1.669869e-002
2.799652e+003,1.681363e-002
2.800134e+003,1.692063e-002
2.800617e+003,1.702629e-002
2.801099e+003,1.713726e-002
2.801581e+003,1.725923e-002
2.802063e+003,1.739386e-002
2.802545e+003,1.753875e-002
2.803027e+003,1.768813e-002
2.803509e+003,1.783536e-002
2.803991e+003,1.797435e-002
2.804474e+003,1.810243e-002
2.804956e+003,1.822084e-002
2.805438e+003,1.833471e-002
2.805920e+003,1.845049e-002
2.806402e+003,1.857464e-002
2.806884e+003,1.871067e-002
2.807366e+003,1.885890e-002
2.807848e+003,1.901607e-002
2.808331e+003,1.917746e-002
2.808813e+003,1.933927e-002
2.809294e+003,1.950027e-002
2.809777e+003,1.966250e-002
2.810259e+003,1.983070e-002
2.810741e+003,2.001064e-002
2.811223e+003,2.020721e-002
2.811705e+003,2.042214e-002
2.812188e+003,2.065368e-002
2.812669e+003,2.089722e-002
2.813151e+003,2.114708e-002
2.813634e+003,2.139776e-002
2.814116e+003,2.164562e-002
2.814598e+003,2.188952e-002
2.815080e+003,2.212972e-002
2.815562e+003,2.236735e-002
2.816044e+003,2.260293e-002
2.816526e+003,2.283655e-002
2.817008e+003,2.306782e-002
2.817491e+003,2.329657e-002
2.817973e+003,2.352413e-002
2.818455e+003,2.375276e-002
2.818937e+003,2.398638e-002
2.819419e+003,2.422817e-002
2.819901e+003,2.448062e-002
2.820383e+003,2.474421e-002
2.820865e+003,2.501858e-002
2.821348e+003,2.530243e-002
2.821830e+003,2.559539e-002
2.822312e+003,2.589863e-002
2.822794e+003,2.621475e-002
2.823276e+003,2.654642e-002
2.823758e+003,2.689623e-002
2.824240e+003,2.726339e-002
2.824722e+003,2.764564e-002
2.825205e+003,2.803878e-002
2.825687e+003,2.843906e-002
2.826168e+003,2.884550e-002
2.826651e+003,2.926107e-002
2.827133e+003,2.969276e-002
2.827615e+003,3.015003e-002
2.828097e+003,3.064182e-002
2.828579e+003,3.117438e-002
2.829062e+003,3.174882e-002
2.829543e+003,3.236264e-002
2.830025e+003,3.300954e-002
2.830508e+003,3.368471e-002
2.830990e+003,3.438625e-002
2.831472e+003,3.511732e-002
2.831954e+003,3.588516e-002
2.832436e+003,3.669990e-002
2.832918e+003,3.757023e-002
2.833400e+003,3.850152e-002
2.833882e+003,3.949429e-002
2.834365e+003,4.054593e-002
2.834847e+003,4.165265e-002
2.835329e+003,4.281341e-002
2.835811e+003,4.403222e-002
2.836293e+003,4.531971e-002
2.836775e+003,4.669181e-002
2.837257e+003,4.816709e-002
2.837739e+003,4.976401e-002
2.838222e+003,5.149761e-002
2.838704e+003,5.337875e-002
2.839186e+003,5.541399e-002
2.839668e+003,5.760700e-002
2.840150e+003,5.995953e-002
2.840632e+003,6.247155e-002
2.841114e+003,6.514172e-002
2.841596e+003,6.796449e-002
2.842079e+003,7.092983e-002
2.842561e+003,7.402083e-002
2.843043e+003,7.721456e-002
2.843525e+003,8.048007e-002
2.844007e+003,8.377957e-002
2.844489e+003,8.706558e-002
2.844971e+003,9.027933e-002
2.845453e+003,9.334671e-002
2.845936e+003,9.617776e-002
2.846417e+003,9.866647e-002
2.846900e+003,1.006969e-001
2.847382e+003,1.021530e-001
2.847864e+003,1.029333e-001
2.848346e+003,1.029650e-001
2.848828e+003,1.022169e-001
2.849310e+003,1.007058e-001
2.849792e+003,9.849562e-002
2.850274e+003,9.568802e-002
2.850757e+003,9.240883e-002
2.851239e+003,8.879308e-002
2.851721e+003,8.497068e-002
2.852203e+003,8.105735e-002
2.852685e+003,7.714999e-002
2.853167e+003,7.332530e-002
2.853649e+003,6.964109e-002
2.854131e+003,6.613783e-002
2.854614e+003,6.284123e-002
2.855096e+003,5.976459e-002
2.855578e+003,5.691120e-002
2.856060e+003,5.427708e-002
2.856542e+003,5.185395e-002
2.857024e+003,4.963094e-002
2.857506e+003,4.759759e-002
2.857988e+003,4.574157e-002
2.858471e+003,4.405069e-002
2.858953e+003,4.251135e-002
2.859435e+003,4.110932e-002
2.859917e+003,3.983023e-002
2.860399e+003,3.866168e-002
2.860881e+003,3.759518e-002
2.861363e+003,3.662675e-002
2.861845e+003,3.575578e-002
2.862328e+003,3.498423e-002
2.862810e+003,3.431282e-002
2.863292e+003,3.374020e-002
2.863774e+003,3.326092e-002
2.864256e+003,3.286713e-002
2.864738e+003,3.254974e-002
2.865220e+003,3.230041e-002
2.865702e+003,3.211359e-002
2.866185e+003,3.198572e-002
2.866667e+003,3.191475e-002
2.867148e+003,3.189865e-002
2.867631e+003,3.193286e-002
2.868113e+003,3.201028e-002
2.868595e+003,3.212146e-002
2.869077e+003,3.225712e-002
2.869559e+003,3.240901e-002
2.870042e+003,3.257229e-002
2.870523e+003,3.274617e-002
2.871005e+003,3.293311e-002
2.871488e+003,3.313720e-002
2.871970e+003,3.336298e-002
2.872452e+003,3.361401e-002
2.872934e+003,3.389189e-002
2.873416e+003,3.419665e-002
2.873898e+003,3.452801e-002
2.874380e+003,3.488551e-002
2.874862e+003,3.526952e-002
2.875345e+003,3.568116e-002
2.875827e+003,3.612230e-002
2.876309e+003,3.659349e-002
2.876791e+003,3.709500e-002
2.877273e+003,3.762447e-002
2.877755e+003,3.817826e-002
2.878237e+003,3.875166e-002
2.878719e+003,3.933977e-002
2.879202e+003,3.993847e-002
2.879684e+003,4.054623e-002
2.880166e+003,4.116289e-002
2.880648e+003,4.179069e-002
2.881130e+003,4.243211e-002
2.881612e+003,4.308929e-002
2.882094e+003,4.376249e-002
2.882576e+003,4.445009e-002
2.883059e+003,4.514848e-002
2.883541e+003,4.585392e-002
2.884023e+003,4.656353e-002
2.884505e+003,4.727628e-002
2.884987e+003,4.799365e-002
2.885469e+003,4.871812e-002
2.885951e+003,4.945195e-002
2.886433e+003,5.019543e-002
2.886916e+003,5.094602e-002
2.887397e+003,5.169855e-002
2.887880e+003,5.244646e-002
2.888362e+003,5.318492e-002
2.888844e+003,5.391128e-002
2.889326e+003,5.462816e-002
2.889808e+003,5.534082e-002
2.890290e+003,5.605737e-002
2.890772e+003,5.678416e-002
2.891254e+003,5.752429e-002
2.891737e+003,5.827577e-002
2.892219e+003,5.903195e-002
2.892701e+003,5.978291e-002
2.893183e+003,6.051939e-002
2.893665e+003,6.123430e-002
2.894147e+003,6.192624e-002
2.894629e+003,6.259950e-002
2.895111e+003,6.326280e-002
2.895594e+003,6.392701e-002
2.896076e+003,6.460273e-002
2.896558e+003,6.529777e-002
2.897040e+003,6.601543e-002
2.897522e+003,6.675535e-002
2.898004e+003,6.751473e-002
2.898486e+003,6.828972e-002
2.898968e+003,6.907803e-002
2.899451e+003,6.988046e-002
2.899933e+003,7.070138e-002
2.900415e+003,7.154779e-002
2.900897e+003,7.242806e-002
2.901379e+003,7.335030e-002
2.901861e+003,7.432169e-002
2.902343e+003,7.534611e-002
2.902825e+003,7.642580e-002
2.903308e+003,7.756042e-002
2.903790e+003,7.874994e-002
2.904271e+003,7.999419e-002
2.904754e+003,8.129532e-002
2.905236e+003,8.265676e-002
2.905718e+003,8.408462e-002
2.906200e+003,8.558544e-002
2.906682e+003,8.716710e-002
2.907165e+003,8.883709e-002
2.907646e+003,9.060131e-002
2.908128e+003,9.246224e-002
2.908611e+003,9.441926e-002
2.909093e+003,9.646514e-002
2.909575e+003,9.858763e-002
2.910057e+003,1.007671e-001
2.910539e+003,1.029781e-001
2.911021e+003,1.051886e-001
2.911503e+003,1.073621e-001
2.911985e+003,1.094577e-001
2.912468e+003,1.114308e-001
2.912950e+003,1.132336e-001
2.913432e+003,1.148177e-001
2.913914e+003,1.161339e-001
2.914396e+003,1.171363e-001
2.914878e+003,1.177850e-001
2.915360e+003,1.180499e-001
2.915842e+003,1.179131e-001
2.916325e+003,1.173724e-001
2.916807e+003,1.164392e-001
2.917289e+003,1.151390e-001
2.917771e+003,1.135077e-001
2.918253e+003,1.115879e-001
2.918735e+003,1.094255e-001
2.919217e+003,1.070671e-001
2.919699e+003,1.045570e-001
2.920182e+003,1.019364e-001
2.920664e+003,9.924233e-002
2.921146e+003,9.650702e-002
2.921628e+003,9.375839e-002
2.922110e+003,9.102001e-002
2.922592e+003,8.831017e-002
2.923074e+003,8.564387e-002
2.923556e+003,8.303124e-002
2.924039e+003,8.047950e-002
2.924521e+003,7.799286e-002
2.925002e+003,7.557433e-002
2.925485e+003,7.322611e-002
2.925967e+003,7.094991e-002
2.926449e+003,6.874757e-002
2.926931e+003,6.662154e-002
2.927413e+003,6.457221e-002
2.927896e+003,6.259881e-002
2.928377e+003,6.069815e-002
2.928859e+003,5.886535e-002
2.929342e+003,5.709387e-002
2.929824e+003,5.537708e-002
2.930306e+003,5.370951e-002
2.930788e+003,5.208838e-002
2.931270e+003,5.051186e-002
2.931752e+003,4.898024e-002
2.932234e+003,4.749290e-002
2.932716e+003,4.604891e-002
2.933199e+003,4.464539e-002
2.933681e+003,4.327928e-002
2.934163e+003,4.194749e-002
2.934645e+003,4.064938e-002
2.935127e+003,3.938648e-002
2.935609e+003,3.816301e-002
2.936091e+003,3.698412e-002
2.936573e+003,3.585514e-002
2.937056e+003,3.477731e-002
2.937538e+003,3.374902e-002
2.938020e+003,3.276392e-002
2.938502e+003,3.181371e-002
2.938984e+003,3.088961e-002
2.939466e+003,2.998575e-002
2.939948e+003,2.909985e-002
2.940430e+003,2.823561e-002
2.940913e+003,2.740007e-002
2.941395e+003,2.660296e-002
2.941877e+003,2.585272e-002
2.942359e+003,2.515532e-002
2.942841e+003,2.451164e-002
2.943323e+003,2.391776e-002
2.943805e+003,2.336619e-002
2.944287e+003,2.284860e-002
2.944770e+003,2.235818e-002
2.945251e+003,2.189160e-002
2.945734e+003,2.145052e-002
2.946216e+003,2.104034e-002
2.946698e+003,2.066846e-002
2.947180e+003,2.034205e-002
2.947662e+003,2.006448e-002
2.948144e+003,1.983534e-002
2.948626e+003,1.964924e-002
2.949108e+003,1.949856e-002
2.949591e+003,1.937375e-002
2.950073e+003,1.926666e-002
2.950555e+003,1.917106e-002
2.951037e+003,1.908348e-002
2.951519e+003,1.900152e-002
2.952001e+003,1.892316e-002
2.952483e+003,1.884624e-002
2.952965e+003,1.876689e-002
2.953448e+003,1.868120e-002
2.953930e+003,1.858515e-002
2.954412e+003,1.847587e-002
2.954894e+003,1.835157e-002
2.955376e+003,1.821154e-002
2.955858e+003,1.805647e-002
2.956340e+003,1.788684e-002
2.956822e+003,1.770421e-002
2.957305e+003,1.751010e-002
2.957787e+003,1.730802e-002
2.958269e+003,1.710127e-002
2.958751e+003,1.689454e-002
2.959233e+003,1.669156e-002
2.959715e+003,1.649441e-002
2.960197e+003,1.630232e-002
2.960679e+003,1.611139e-002
2.961162e+003,1.591630e-002
2.961644e+003,1.571163e-002
2.962125e+003,1.549254e-002
2.962608e+003,1.525749e-002
2.963090e+003,1.500693e-002
2.963572e+003,1.474395e-002
2.964054e+003,1.447138e-002
2.964536e+003,1.419151e-002
2.965019e+003,1.390616e-002
2.965500e+003,1.361633e-002
2.965982e+003,1.332343e-002
2.966465e+003,1.303065e-002
2.966947e+003,1.274190e-002
2.967429e+003,1.246308e-002
2.967911e+003,1.219845e-002
2.968393e+003,1.195169e-002
2.968875e+003,1.172269e-002
2.969357e+003,1.150973e-002
2.969839e+003,1.130844e-002
2.970322e+003,1.111395e-002
2.970804e+003,1.092169e-002
2.971286e+003,1.072763e-002
2.971768e+003,1.052900e-002
2.972250e+003,1.032352e-002
2.972732e+003,1.011017e-002
2.973214e+003,9.890170e-003
2.973696e+003,9.665935e-003
2.974179e+003,9.443453e-003
2.974661e+003,9.230743e-003
2.975143e+003,9.036507e-003
2.975625e+003,8.868370e-003
2.976107e+003,8.729886e-003
2.976589e+003,8.619477e-003
2.977071e+003,8.530709e-003
2.977553e+003,8.453296e-003
2.978036e+003,8.376545e-003
2.978518e+003,8.292443e-003
2.979000e+003,8.197282e-003
2.979482e+003,8.091863e-003
2.979964e+003,7.981436e-003
2.980446e+003,7.871107e-003
2.980928e+003,7.765302e-003
2.981410e+003,7.665399e-003
2.981893e+003,7.570605e-003
2.982375e+003,7.478253e-003
2.982856e+003,7.386704e-003
2.983339e+003,7.295553e-003
2.983821e+003,7.207503e-003
2.984303e+003,7.125479e-003
2.984785e+003,7.052972e-003
2.985267e+003,6.991628e-003
2.985750e+003,6.940878e-003
2.986231e+003,6.897263e-003
2.986713e+003,6.857315e-003
2.987196e+003,6.817064e-003
2.987678e+003,6.774055e-003
2.988160e+003,6.727293e-003
2.988642e+003,6.676660e-003
2.989124e+003,6.622253e-003
2.989606e+003,6.563907e-003
2.990088e+003,6.501287e-003
2.990570e+003,6.434170e-003
2.991053e+003,6.362646e-003
2.991535e+003,6.288600e-003
2.992017e+003,6.215110e-003
2.992499e+003,6.145698e-003
2.992981e+003,6.084103e-003
2.993463e+003,6.033212e-003
2.993945e+003,5.995202e-003
2.994427e+003,5.970581e-003
2.994910e+003,5.959412e-003
2.995392e+003,5.960855e-003
2.995874e+003,5.972432e-003
2.996356e+003,5.990867e-003
2.996838e+003,6.010535e-003
2.997320e+003,6.025106e-003
2.997802e+003,6.027945e-003
2.998284e+003,6.015546e-003
2.998767e+003,5.987738e-003
2.999249e+003,5.950752e-003
2.999731e+003,5.914408e-003
3.000213e+003,5.891431e-003
3.000695e+003,5.892470e-003
3.001177e+003,5.923607e-003
3.001659e+003,5.982605e-003
3.002141e+003,6.060671e-003
3.002624e+003,6.143732e-003
3.003105e+003,6.215877e-003
3.003588e+003,6.264756e-003
3.004070e+003,6.283733e-003
3.004552e+003,6.273137e-003
3.005034e+003,6.238640e-003
3.005516e+003,6.189351e-003
3.005998e+003,6.134479e-003
3.006480e+003,6.080539e-003
3.006962e+003,6.031621e-003
3.007445e+003,5.989102e-003
3.007927e+003,5.953109e-003
3.008409e+003,5.923217e-003
3.008891e+003,5.899707e-003
3.009373e+003,5.882423e-003
3.009855e+003,5.870892e-003
3.010337e+003,5.863498e-003
3.010819e+003,5.857488e-003
3.011302e+003,5.850200e-003
3.011784e+003,5.839403e-003
3.012266e+003,5.825180e-003
3.012748e+003,5.809412e-003
3.013230e+003,5.795388e-003
3.013712e+003,5.787715e-003
3.014194e+003,5.789384e-003
3.014676e+003,5.802586e-003
3.015159e+003,5.826696e-003
3.015641e+003,5.859897e-003
3.016123e+003,5.898844e-003
3.016605e+003,5.939974e-003
3.017087e+003,5.980569e-003
3.017569e+003,6.018568e-003
3.018051e+003,6.052546e-003
3.018533e+003,6.082494e-003
3.019016e+003,6.108507e-003
3.019498e+003,6.131718e-003
3.019979e+003,6.152881e-003
3.020462e+003,6.172815e-003
3.020944e+003,6.191465e-003
3.021426e+003,6.208407e-003
3.021908e+003,6.222012e-003
3.022390e+003,6.230654e-003
3.022873e+003,6.232741e-003
3.023354e+003,6.227990e-003
3.023836e+003,6.216704e-003
3.024319e+003,6.200986e-003
3.024801e+003,6.183591e-003
3.025283e+003,6.167289e-003
3.025765e+003,6.154522e-003
3.026247e+003,6.147154e-003
3.026729e+003,6.145460e-003
3.027211e+003,6.150703e-003
3.027693e+003,6.162457e-003
3.028176e+003,6.181657e-003
3.028658e+003,6.207664e-003
3.029140e+003,6.240336e-003
3.029622e+003,6.277520e-003
3.030104e+003,6.316080e-003
3.030586e+003,6.352165e-003
3.031068e+003,6.381857e-003
3.031550e+003,6.402413e-003
3.032033e+003,6.413371e-003
3.032515e+003,6.415787e-003
3.032997e+003,6.413013e-003
3.033479e+003,6.408141e-003
3.033961e+003,6.403465e-003
3.034443e+003,6.399596e-003
3.034925e+003,6.395194e-003
3.035407e+003,6.386943e-003
3.035890e+003,6.371845e-003
3.036372e+003,6.347639e-003
3.036854e+003,6.315484e-003
3.037336e+003,6.279313e-003
3.037818e+003,6.246281e-003
3.038300e+003,6.225248e-003
3.038782e+003,6.224887e-003
3.039264e+003,6.251500e-003
3.039747e+003,6.306959e-003
3.040229e+003,6.388084e-003
3.040710e+003,6.486745e-003
3.041193e+003,6.591300e-003
3.041675e+003,6.689252e-003
3.042157e+003,6.769353e-003
3.042639e+003,6.824350e-003
3.043121e+003,6.851314e-003
3.043604e+003,6.852336e-003
3.044085e+003,6.833438e-003
3.044567e+003,6.802868e-003
3.045050e+003,6.768834e-003
3.045532e+003,6.739259e-003
3.046014e+003,6.718421e-003
3.046496e+003,6.709470e-003
3.046978e+003,6.711954e-003
3.047460e+003,6.723574e-003
3.047942e+003,6.739283e-003
3.048424e+003,6.754078e-003
3.048907e+003,6.762384e-003
3.049389e+003,6.760627e-003
3.049871e+003,6.747833e-003
3.050353e+003,6.726630e-003
3.050835e+003,6.702492e-003
3.051317e+003,6.682830e-003
3.051799e+003,6.674256e-003
3.052281e+003,6.681561e-003
3.052764e+003,6.705120e-003
3.053246e+003,6.742148e-003
3.053728e+003,6.787380e-003
3.054210e+003,6.835426e-003
3.054692e+003,6.882723e-003
3.055174e+003,6.928269e-003
3.055656e+003,6.973740e-003
3.056138e+003,7.021164e-003
3.056621e+003,7.071159e-003
3.057103e+003,7.121795e-003
3.057585e+003,7.167568e-003
3.058067e+003,7.202140e-003
3.058549e+003,7.219016e-003
3.059031e+003,7.215616e-003
3.059513e+003,7.193226e-003
3.059995e+003,7.158454e-003
3.060478e+003,7.120337e-003
3.060959e+003,7.089319e-003
3.061442e+003,7.073905e-003
3.061924e+003,7.080385e-003
3.062406e+003,7.110463e-003
3.062888e+003,7.162790e-003
3.063370e+003,7.233164e-003
3.063852e+003,7.315077e-003
3.064334e+003,7.400629e-003
3.064816e+003,7.481244e-003
3.065299e+003,7.548409e-003
3.065781e+003,7.596053e-003
3.066263e+003,7.620476e-003
3.066745e+003,7.622798e-003
3.067227e+003,7.607699e-003
3.067709e+003,7.584172e-003
3.068191e+003,7.562284e-003
3.068673e+003,7.550503e-003
3.069156e+003,7.554792e-003
3.069638e+003,7.577469e-003
3.070120e+003,7.616187e-003
3.070602e+003,7.666607e-003
3.071084e+003,7.723331e-003
3.071566e+003,7.781486e-003
3.072048e+003,7.837498e-003
3.072530e+003,7.888614e-003
3.073013e+003,7.933220e-003
3.073495e+003,7.970370e-003
3.073977e+003,7.999106e-003
3.074459e+003,8.019303e-003
3.074941e+003,8.030659e-003
3.075423e+003,8.033926e-003
3.075905e+003,8.030070e-003
3.076387e+003,8.019962e-003
3.076870e+003,8.004183e-003
3.077352e+003,7.984916e-003
3.077833e+003,7.964172e-003
3.078316e+003,7.946662e-003
3.078798e+003,7.938097e-003
3.079280e+003,7.944989e-003
3.079762e+003,7.972445e-003
3.080244e+003,8.021869e-003
3.080727e+003,8.090153e-003
3.081208e+003,8.169352e-003
3.081690e+003,8.248771e-003
3.082173e+003,8.318108e-003
3.082655e+003,8.370300e-003
3.083137e+003,8.404099e-003
3.083619e+003,8.423600e-003
3.084101e+003,8.436851e-003
3.084583e+003,8.451615e-003
3.085065e+003,8.473615e-003
3.085547e+003,8.503076e-003
3.086030e+003,8.536311e-003
3.086512e+003,8.565794e-003
3.086994e+003,8.585110e-003
3.087476e+003,8.589626e-003
3.087958e+003,8.579380e-003
3.088440e+003,8.558217e-003
3.088922e+003,8.533379e-003
3.089404e+003,8.512584e-003
3.089887e+003,8.502204e-003
3.090369e+003,8.506814e-003
3.090851e+003,8.526650e-003
3.091333e+003,8.559781e-003
3.091815e+003,8.600748e-003
3.092297e+003,8.642559e-003
3.092779e+003,8.678475e-003
3.093261e+003,8.702981e-003
3.093744e+003,8.714188e-003
3.094226e+003,8.714557e-003
3.094708e+003,8.710771e-003
3.095190e+003,8.712259e-003
3.095672e+003,8.727732e-003
3.096154e+003,8.762575e-003
3.096636e+003,8.815847e-003
3.097118e+003,8.880626e-003
3.097601e+003,8.944921e-003
3.098083e+003,8.996537e-003
3.098564e+003,9.027157e-003
3.099047e+003,9.034161e-003
3.099529e+003,9.022688e-003
3.100011e+003,9.003063e-003
3.100493e+003,8.987074e-003
3.100975e+003,8.983071e-003
3.101458e+003,8.994629e-003
3.101939e+003,9.019338e-003
3.102421e+003,9.050722e-003
3.102904e+003,9.081919e-003
3.103386e+003,9.108302e-003
3.103868e+003,9.128713e-003
3.104350e+003,9.145605e-003
3.104832e+003,9.162889e-003
3.105314e+003,9.184405e-003
3.105796e+003,9.211284e-003
3.106278e+003,9.243718e-003
3.106761e+003,9.280338e-003
3.107243e+003,9.320318e-003
3.107725e+003,9.363879e-003
3.108207e+003,9.411704e-003
3.108689e+003,9.464037e-003
3.109171e+003,9.518920e-003
3.109653e+003,9.572380e-003
3.110135e+003,9.617934e-003
3.110618e+003,9.649811e-003
3.111100e+003,9.665058e-003
3.111582e+003,9.664350e-003
3.112064e+003,9.654282e-003
3.112546e+003,9.643647e-003
3.113028e+003,9.641918e-003
3.113510e+003,9.655328e-003
3.113992e+003,9.685589e-003
3.114475e+003,9.728624e-003
3.114957e+003,9.776544e-003
3.115439e+003,9.820402e-003
3.115921e+003,9.853423e-003
3.116403e+003,9.872523e-003
3.116885e+003,9.879292e-003
3.117367e+003,9.878960e-003
3.117850e+003,9.877243e-003
3.118332e+003,9.880165e-003
3.118813e+003,9.890174e-003
3.119296e+003,9.907252e-003
3.119778e+003,9.929220e-003
3.120260e+003,9.952575e-003
3.120742e+003,9.974762e-003
3.121224e+003,9.993640e-003
3.121707e+003,1.000919e-002
3.122188e+003,1.002136e-002
3.122670e+003,1.003029e-002
3.123153e+003,1.003560e-002
3.123635e+003,1.003544e-002
3.124117e+003,1.002911e-002
3.124599e+003,1.001602e-002
3.125081e+003,9.998795e-003
3.125563e+003,9.982697e-003
3.126045e+003,9.975080e-003
3.126527e+003,9.983291e-003
3.127010e+003,1.001286e-002
3.127492e+003,1.006519e-002
3.127974e+003,1.013637e-002
3.128456e+003,1.021783e-002
3.128938e+003,1.030011e-002
3.129420e+003,1.037277e-002
3.129902e+003,1.042884e-002
3.130384e+003,1.046617e-002
3.130867e+003,1.048605e-002
3.131349e+003,1.049328e-002
3.131831e+003,1.049291e-002
3.132313e+003,1.048929e-002
3.132795e+003,1.048595e-002
3.133277e+003,1.048542e-002
3.133759e+003,1.048967e-002
3.134241e+003,1.050166e-002
3.134724e+003,1.052451e-002
3.135206e+003,1.056017e-002
3.135688e+003,1.060876e-002
3.136170e+003,1.066715e-002
3.136652e+003,1.072990e-002
3.137134e+003,1.078993e-002
3.137616e+003,1.084096e-002
3.138098e+003,1.087998e-002
3.138581e+003,1.090729e-002
3.139063e+003,1.092731e-002
3.139544e+003,1.094540e-002
3.140027e+003,1.096624e-002
3.140509e+003,1.099178e-002
3.140991e+003,1.102101e-002
3.141473e+003,1.105013e-002
3.141955e+003,1.107517e-002
3.142438e+003,1.109277e-002
3.142919e+003,1.110250e-002
3.143401e+003,1.110638e-002
3.143884e+003,1.110820e-002
3.144366e+003,1.111216e-002
3.144848e+003,1.112195e-002
3.145330e+003,1.113966e-002
3.145812e+003,1.116559e-002
3.146294e+003,1.119863e-002
3.146776e+003,1.123659e-002
3.147258e+003,1.127539e-002
3.147741e+003,1.131087e-002
3.148223e+003,1.133861e-002
3.148705e+003,1.135505e-002
3.149187e+003,1.135886e-002
3.149669e+003,1.135210e-002
3.150151e+003,1.133959e-002
3.150633e+003,1.132907e-002
3.151115e+003,1.132899e-002
3.151598e+003,1.134582e-002
3.152080e+003,1.138314e-002
3.152562e+003,1.144055e-002
3.153044e+003,1.151302e-002
3.153526e+003,1.159447e-002
3.154008e+003,1.167794e-002
3.154490e+003,1.175816e-002
3.154972e+003,1.183210e-002
3.155455e+003,1.189894e-002
3.155937e+003,1.195940e-002
3.156419e+003,1.201511e-002
3.156901e+003,1.206781e-002
3.157383e+003,1.211873e-002
3.157865e+003,1.216827e-002
3.158347e+003,1.221730e-002
3.158829e+003,1.226448e-002
3.159312e+003,1.230859e-002
3.159793e+003,1.234668e-002
3.160276e+003,1.237558e-002
3.160758e+003,1.239220e-002
3.161240e+003,1.239501e-002
3.161722e+003,1.238465e-002
3.162204e+003,1.236485e-002
3.162686e+003,1.234088e-002
3.163168e+003,1.231955e-002
3.163650e+003,1.230695e-002
3.164133e+003,1.230872e-002
3.164615e+003,1.232707e-002
3.165097e+003,1.236321e-002
3.165579e+003,1.241614e-002
3.166061e+003,1.248354e-002
3.166543e+003,1.256213e-002
3.167025e+003,1.264794e-002
3.167507e+003,1.273684e-002
3.167990e+003,1.282433e-002
3.168472e+003,1.290596e-002
3.168954e+003,1.297914e-002
3.169436e+003,1.304195e-002
3.169918e+003,1.309440e-002
3.170400e+003,1.313735e-002
3.170882e+003,1.317240e-002
3.171364e+003,1.320146e-002
3.171847e+003,1.322628e-002
3.172329e+003,1.324844e-002
3.172811e+003,1.326921e-002
3.173293e+003,1.328920e-002
3.173775e+003,1.330911e-002
3.174257e+003,1.332839e-002
3.174739e+003,1.334535e-002
3.175221e+003,1.335826e-002
3.175704e+003,1.336602e-002
3.176186e+003,1.336935e-002
3.176667e+003,1.337135e-002
3.177150e+003,1.337755e-002
3.177632e+003,1.339391e-002
3.178114e+003,1.342536e-002
3.178596e+003,1.347310e-002
3.179078e+003,1.353440e-002
3.179561e+003,1.360295e-002
3.180042e+003,1.367082e-002
3.180524e+003,1.373141e-002
3.181007e+003,1.378145e-002
3.181489e+003,1.382143e-002
3.181971e+003,1.385491e-002
3.182453e+003,1.388605e-002
3.182935e+003,1.391758e-002
3.183417e+003,1.395061e-002
3.183899e+003,1.398435e-002
3.184381e+003,1.401862e-002
3.184864e+003,1.405468e-002
3.185346e+003,1.409720e-002
3.185828e+003,1.415168e-002
3.186310e+003,1.422259e-002
3.186792e+003,1.431131e-002
3.187274e+003,1.441310e-002
3.187756e+003,1.451896e-002
3.188238e+003,1.461743e-002
3.188721e+003,1.469894e-002
3.189203e+003,1.475910e-002
3.189685e+003,1.479972e-002
3.190167e+003,1.482824e-002
3.190649e+003,1.485471e-002
3.191131e+003,1.488794e-002
3.191613e+003,1.493257e-002
3.192095e+003,1.498753e-002
3.192578e+003,1.504719e-002
3.193060e+003,1.510405e-002
3.193542e+003,1.515066e-002
3.194024e+003,1.518248e-002
3.194506e+003,1.519869e-002
3.194988e+003,1.520166e-002
3.195470e+003,1.519624e-002
3.195952e+003,1.518847e-002
3.196435e+003,1.518403e-002
3.196917e+003,1.518814e-002
3.197398e+003,1.520314e-002
3.197881e+003,1.523000e-002
3.198363e+003,1.526642e-002
3.198845e+003,1.530862e-002
3.199327e+003,1.535201e-002
3.199809e+003,1.539323e-002
3.200292e+003,1.543124e-002
3.200773e+003,1.546874e-002
3.201255e+003,1.550926e-002
3.201738e+003,1.555789e-002
3.202220e+003,1.561699e-002
3.202702e+003,1.568591e-002
3.203184e+003,1.576070e-002
3.203666e+003,1.583525e-002
3.204148e+003,1.590474e-002
3.204630e+003,1.596644e-002
3.205112e+003,1.602199e-002
3.205595e+003,1.607556e-002
3.206077e+003,1.613186e-002
3.206559e+003,1.619378e-002
3.207041e+003,1.626082e-002
3.207523e+003,1.632904e-002
3.208005e+003,1.639289e-002
3.208487e+003,1.644784e-002
3.208969e+003,1.649191e-002
3.209452e+003,1.652656e-002
3.209934e+003,1.655578e-002
3.210416e+003,1.658321e-002
3.210898e+003,1.661091e-002
3.211380e+003,1.663802e-002
3.211862e+003,1.666092e-002
3.212344e+003,1.667635e-002
3.212826e+003,1.668137e-002
3.213309e+003,1.667630e-002
3.213791e+003,1.666434e-002
3.214273e+003,1.664963e-002
3.214755e+003,1.663713e-002
3.215237e+003,1.663024e-002
3.215719e+003,1.663056e-002
3.216201e+003,1.663820e-002
3.216683e+003,1.665226e-002
3.217166e+003,1.667217e-002
3.217647e+003,1.669810e-002
3.218130e+003,1.673115e-002
3.218612e+003,1.677220e-002
3.219094e+003,1.682324e-002
3.219576e+003,1.688602e-002
3.220058e+003,1.696218e-002
3.220540e+003,1.705230e-002
3.221022e+003,1.715585e-002
3.221504e+003,1.726974e-002
3.221987e+003,1.738811e-002
3.222469e+003,1.750292e-002
3.222951e+003,1.760589e-002
3.223433e+003,1.768894e-002
3.223915e+003,1.774832e-002
3.224397e+003,1.778412e-002
3.224879e+003,1.780107e-002
3.225361e+003,1.780609e-002
3.225844e+003,1.780678e-002
3.226326e+003,1.780867e-002
3.226808e+003,1.781504e-002
3.227290e+003,1.782646e-002
3.227772e+003,1.784291e-002
3.228254e+003,1.786441e-002
3.228736e+003,1.789225e-002
3.229218e+003,1.792734e-002
3.229701e+003,1.796998e-002
3.230183e+003,1.801899e-002
3.230665e+003,1.807055e-002
3.231147e+003,1.811989e-002
3.231629e+003,1.816224e-002
3.232111e+003,1.819565e-002
3.232593e+003,1.822072e-002
3.233075e+003,1.824096e-002
3.233558e+003,1.826165e-002
3.234040e+003,1.828838e-002
3.234521e+003,1.832576e-002
3.235004e+003,1.837605e-002
3.235486e+003,1.844174e-002
3.235968e+003,1.852334e-002
3.236450e+003,1.862026e-002
3.236932e+003,1.873053e-002
3.237415e+003,1.884795e-002
3.237896e+003,1.896331e-002
3.238378e+003,1.906426e-002
3.238861e+003,1.913834e-002
3.239343e+003,1.917666e-002
3.239825e+003,1.917691e-002
3.240307e+003,1.914396e-002
3.240789e+003,1.909073e-002
3.241271e+003,1.903284e-002
3.241753e+003,1.898537e-002
3.242235e+003,1.895810e-002
3.242718e+003,1.895452e-002
3.243200e+003,1.897224e-002
3.243682e+003,1.900579e-002
3.244164e+003,1.905028e-002
3.244646e+003,1.910445e-002
3.245128e+003,1.916953e-002
3.245610e+003,1.924885e-002
3.246092e+003,1.934518e-002
3.246575e+003,1.945717e-002
3.247057e+003,1.958086e-002
3.247539e+003,1.970829e-002
3.248021e+003,1.983185e-002
3.248503e+003,1.994568e-002
3.248985e+003,2.004733e-002
3.249467e+003,2.013773e-002
3.249949e+003,2.022006e-002
3.250432e+003,2.029717e-002
3.250914e+003,2.036959e-002
3.251396e+003,2.043563e-002
3.251878e+003,2.049148e-002
3.252360e+003,2.053357e-002
3.252842e+003,2.056010e-002
3.253324e+003,2.057217e-002
3.253806e+003,2.057383e-002
3.254289e+003,2.057177e-002
3.254771e+003,2.057349e-002
3.255252e+003,2.058534e-002
3.255735e+003,2.061108e-002
3.256217e+003,2.065267e-002
3.256699e+003,2.070900e-002
3.257181e+003,2.077697e-002
3.257663e+003,2.085314e-002
3.258146e+003,2.093296e-002
3.258627e+003,2.101357e-002
3.259109e+003,2.109209e-002
3.259592e+003,2.116743e-002
3.260074e+003,2.123833e-002
3.260556e+003,2.130447e-002
3.261038e+003,2.136539e-002
3.261520e+003,2.142108e-002
3.262002e+003,2.147122e-002
3.262484e+003,2.151550e-002
3.262966e+003,2.155452e-002
3.263449e+003,2.158830e-002
3.263931e+003,2.161743e-002
3.264413e+003,2.164164e-002
3.264895e+003,2.166107e-002
3.265377e+003,2.167569e-002
3.265859e+003,2.168588e-002
3.266341e+003,2.169333e-002
3.266823e+003,2.170066e-002
3.267306e+003,2.171092e-002
3.267788e+003,2.172698e-002
3.268270e+003,2.174993e-002
3.268752e+003,2.177899e-002
3.269234e+003,2.181210e-002
3.269716e+003,2.184598e-002
3.270198e+003,2.187852e-002
3.270680e+003,2.191022e-002
3.271163e+003,2.194500e-002
3.271645e+003,2.198813e-002
3.272127e+003,2.204606e-002
3.272609e+003,2.212236e-002
3.273091e+003,2.221534e-002
3.273573e+003,2.231855e-002
3.274055e+003,2.242131e-002
3.274537e+003,2.251023e-002
3.275020e+003,2.257408e-002
3.275501e+003,2.260555e-002
3.275984e+003,2.260399e-002
3.276466e+003,2.257403e-002
3.276948e+003,2.252543e-002
3.277430e+003,2.246854e-002
3.277912e+003,2.241377e-002
3.278394e+003,2.236824e-002
3.278876e+003,2.233579e-002
3.279358e+003,2.231802e-002
3.279841e+003,2.231362e-002
3.280323e+003,2.232197e-002
3.280805e+003,2.234188e-002
3.281287e+003,2.237360e-002
3.281769e+003,2.241821e-002
3.282251e+003,2.247602e-002
3.282733e+003,2.254672e-002
3.283215e+003,2.262726e-002
3.283698e+003,2.271251e-002
3.284180e+003,2.279444e-002
3.284662e+003,2.286515e-002
3.285144e+003,2.291631e-002
3.285626e+003,2.294366e-002
3.286108e+003,2.294647e-002
3.286590e+003,2.292929e-002
3.287072e+003,2.290082e-002
3.287555e+003,2.287136e-002
3.288037e+003,2.285084e-002
3.288519e+003,2.284631e-002
3.289001e+003,2.286023e-002
3.289483e+003,2.289082e-002
3.289965e+003,2.293364e-002
3.290447e+003,2.298279e-002
3.290929e+003,2.303358e-002
3.291412e+003,2.308287e-002
3.291894e+003,2.312938e-002
3.292375e+003,2.317349e-002
3.292858e+003,2.321458e-002
3.293340e+003,2.325159e-002
3.293822e+003,2.328220e-002
3.294304e+003,2.330229e-002
3.294786e+003,2.330932e-002
3.295269e+003,2.330199e-002
3.295750e+003,2.328108e-002
3.296232e+003,2.324932e-002
3.296715e+003,2.321140e-002
3.297197e+003,2.317131e-002
3.297679e+003,2.313215e-002
3.298161e+003,2.309411e-002
3.298643e+003,2.305574e-002
3.299125e+003,2.301422e-002
3.299607e+003,2.296672e-002
3.300089e+003,2.291189e-002
3.300572e+003,2.285269e-002
3.301054e+003,2.279518e-002
3.301536e+003,2.274798e-002
3.302018e+003,2.272106e-002
3.302500e+003,2.272280e-002
3.302982e+003,2.275858e-002
3.303464e+003,2.282876e-002
3.303946e+003,2.292767e-002
3.304429e+003,2.304786e-002
3.304911e+003,2.317798e-002
3.305393e+003,2.330730e-002
3.305875e+003,2.342691e-002
3.306357e+003,2.353065e-002
3.306839e+003,2.361430e-002
3.307321e+003,2.367526e-002
3.307803e+003,2.371276e-002
3.308286e+003,2.372570e-002
3.308768e+003,2.371528e-002
3.309250e+003,2.368379e-002
3.309732e+003,2.363624e-002
3.310214e+003,2.357964e-002
3.310696e+003,2.352246e-002
3.311178e+003,2.347263e-002
3.311660e+003,2.343665e-002
3.312143e+003,2.341726e-002
3.312625e+003,2.341452e-002
3.313106e+003,2.342458e-002
3.313589e+003,2.344273e-002
3.314071e+003,2.346378e-002
3.314553e+003,2.348427e-002
3.315035e+003,2.350182e-002
3.315517e+003,2.351645e-002
3.316000e+003,2.352829e-002
3.316481e+003,2.353891e-002
3.316963e+003,2.354792e-002
3.317446e+003,2.355586e-002
3.317928e+003,2.356199e-002
3.318410e+003,2.356717e-002
3.318892e+003,2.357275e-002
3.319374e+003,2.358185e-002
3.319856e+003,2.359882e-002
3.320338e+003,2.362846e-002
3.320820e+003,2.367415e-002
3.321303e+003,2.373708e-002
3.321785e+003,2.381482e-002
3.322267e+003,2.390176e-002
3.322749e+003,2.398922e-002
3.323231e+003,2.406942e-002
3.323713e+003,2.413464e-002
3.324195e+003,2.418140e-002
3.324677e+003,2.421097e-002
3.325160e+003,2.422728e-002
3.325642e+003,2.423679e-002
3.326124e+003,2.424552e-002
3.326606e+003,2.425607e-002
3.327088e+003,2.426857e-002
3.327570e+003,2.427993e-002
3.328052e+003,2.428730e-002
3.328534e+003,2.428778e-002
3.329017e+003,2.428273e-002
3.329499e+003,2.427667e-002
3.329981e+003,2.427634e-002
3.330463e+003,2.428821e-002
3.330945e+003,2.431657e-002
3.331427e+003,2.436244e-002
3.331909e+003,2.442303e-002
3.332391e+003,2.449271e-002
3.332874e+003,2.456449e-002
3.333355e+003,2.463306e-002
3.333838e+003,2.469466e-002
3.334320e+003,2.474718e-002
3.334802e+003,2.478972e-002
3.335284e+003,2.482168e-002
3.335766e+003,2.484151e-002
3.336248e+003,2.484730e-002
3.336730e+003,2.483763e-002
3.337212e+003,2.481103e-002
3.337695e+003,2.476939e-002
3.338177e+003,2.471576e-002
3.338659e+003,2.465569e-002
3.339141e+003,2.459634e-002
3.339623e+003,2.454530e-002
3.340105e+003,2.450871e-002
3.340587e+003,2.449090e-002
3.341069e+003,2.449365e-002
3.341552e+003,2.451472e-002
3.342034e+003,2.454845e-002
3.342516e+003,2.458651e-002
3.342998e+003,2.461992e-002
3.343480e+003,2.464108e-002
3.343962e+003,2.464482e-002
3.344444e+003,2.463113e-002
3.344926e+003,2.460361e-002
3.345409e+003,2.456960e-002
3.345891e+003,2.453615e-002
3.346373e+003,2.450893e-002
3.346855e+003,2.448998e-002
3.347337e+003,2.447760e-002
3.347819e+003,2.446689e-002
3.348301e+003,2.445325e-002
3.348783e+003,2.443302e-002
3.349266e+003,2.440569e-002
3.349748e+003,2.437326e-002
3.350229e+003,2.433907e-002
3.350712e+003,2.430695e-002
3.351194e+003,2.427877e-002
3.351676e+003,2.425359e-002
3.352158e+003,2.422897e-002
3.352640e+003,2.420132e-002
3.353123e+003,2.416772e-002
3.353604e+003,2.412719e-002
3.354086e+003,2.408144e-002
3.354569e+003,2.403395e-002
3.355051e+003,2.399043e-002
3.355533e+003,2.395561e-002
3.356015e+003,2.393332e-002
3.356497e+003,2.392514e-002
3.356979e+003,2.392886e-002
3.357461e+003,2.394033e-002
3.357943e+003,2.395267e-002
3.358426e+003,2.395901e-002
3.358908e+003,2.395375e-002
3.359390e+003,2.393456e-002
3.359872e+003,2.390331e-002
3.360354e+003,2.386577e-002
3.360836e+003,2.383002e-002
3.361318e+003,2.380443e-002
3.361800e+003,2.379507e-002
3.362283e+003,2.380408e-002
3.362765e+003,2.382926e-002
3.363247e+003,2.386513e-002
3.363729e+003,2.390399e-002
3.364211e+003,2.393922e-002
3.364693e+003,2.396555e-002
3.365175e+003,2.398053e-002
3.365657e+003,2.398320e-002
3.366140e+003,2.397384e-002
3.366622e+003,2.395348e-002
3.367104e+003,2.392329e-002
3.367586e+003,2.388506e-002
3.368068e+003,2.384223e-002
3.368550e+003,2.379980e-002
3.369032e+003,2.376325e-002
3.369514e+003,2.373776e-002
3.369997e+003,2.372609e-002
3.370479e+003,2.372898e-002
3.370961e+003,2.374266e-002
3.371443e+003,2.376171e-002
3.371925e+003,2.378046e-002
3.372407e+003,2.379338e-002
3.372889e+003,2.379709e-002
3.373371e+003,2.378944e-002
3.373854e+003,2.376989e-002
3.374335e+003,2.373840e-002
3.374818e+003,2.369414e-002
3.375300e+003,2.363692e-002
3.375782e+003,2.356837e-002
3.376264e+003,2.349199e-002
3.376746e+003,2.341263e-002
3.377228e+003,2.333680e-002
3.377710e+003,2.327018e-002
3.378192e+003,2.321706e-002
3.378675e+003,2.317781e-002
3.379157e+003,2.315057e-002
3.379639e+003,2.313156e-002
3.380121e+003,2.311646e-002
3.380603e+003,2.310268e-002
3.381085e+003,2.308988e-002
3.381567e+003,2.307847e-002
3.382049e+003,2.307020e-002
3.382532e+003,2.306516e-002
3.383014e+003,2.306231e-002
3.383496e+003,2.305855e-002
3.383978e+003,2.304973e-002
3.384460e+003,2.303261e-002
3.384942e+003,2.300554e-002
3.385424e+003,2.296939e-002
3.385906e+003,2.292787e-002
3.386389e+003,2.288656e-002
3.386871e+003,2.285208e-002
3.387353e+003,2.283027e-002
3.387835e+003,2.282514e-002
3.388317e+003,2.283710e-002
3.388799e+003,2.286262e-002
3.389281e+003,2.289417e-002
3.389763e+003,2.292199e-002
3.390246e+003,2.293593e-002
3.390728e+003,2.292732e-002
3.391209e+003,2.289240e-002
3.391692e+003,2.283354e-002
3.392174e+003,2.275789e-002
3.392656e+003,2.267581e-002
3.393138e+003,2.259878e-002
3.393620e+003,2.253480e-002
3.394103e+003,2.248750e-002
3.394584e+003,2.245579e-002
3.395066e+003,2.243483e-002
3.395549e+003,2.241908e-002
3.396031e+003,2.240457e-002
3.396513e+003,2.238890e-002
3.396995e+003,2.237293e-002
3.397477e+003,2.235812e-002
3.397959e+003,2.234453e-002
3.398441e+003,2.233154e-002
3.398923e+003,2.231571e-002
3.399406e+003,2.229464e-002
3.399888e+003,2.226700e-002
3.400370e+003,2.223414e-002
3.400852e+003,2.220056e-002
3.401334e+003,2.217158e-002
3.401816e+003,2.215114e-002
3.402298e+003,2.214057e-002
3.402780e+003,2.213638e-002
3.403263e+003,2.213198e-002
3.403745e+003,2.211878e-002
3.404227e+003,2.209030e-002
3.404709e+003,2.204324e-002
3.405191e+003,2.197911e-002
3.405673e+003,2.190381e-002
3.406155e+003,2.182602e-002
3.406637e+003,2.175474e-002
3.407120e+003,2.169764e-002
3.407602e+003,2.165928e-002
3.408083e+003,2.164090e-002
3.408566e+003,2.164148e-002
3.409048e+003,2.165767e-002
3.409530e+003,2.168503e-002
3.410012e+003,2.171827e-002
3.410494e+003,2.175177e-002
3.410977e+003,2.177951e-002
3.411458e+003,2.179631e-002
3.411940e+003,2.179728e-002
3.412423e+003,2.177890e-002
3.412905e+003,2.174059e-002
3.413387e+003,2.168363e-002
3.413869e+003,2.161336e-002
3.414351e+003,2.153635e-002
3.414833e+003,2.146032e-002
3.415315e+003,2.139154e-002
3.415797e+003,2.133286e-002
3.416280e+003,2.128350e-002
3.416762e+003,2.123913e-002
3.417244e+003,2.119325e-002
3.417726e+003,2.114047e-002
3.418208e+003,2.107834e-002
3.418690e+003,2.100864e-002
3.419172e+003,2.093728e-002
3.419654e+003,2.087194e-002
3.420137e+003,2.081895e-002
3.420619e+003,2.078104e-002
3.421101e+003,2.075641e-002
3.421583e+003,2.073909e-002
3.422065e+003,2.072131e-002
3.422547e+003,2.069741e-002
3.423029e+003,2.066497e-002
3.423511e+003,2.062527e-002
3.423994e+003,2.058314e-002
3.424476e+003,2.054263e-002
3.424958e+003,2.050620e-002
3.425440e+003,2.047130e-002
3.425922e+003,2.043344e-002
3.426404e+003,2.038687e-002
3.426886e+003,2.032784e-002
3.427368e+003,2.025679e-002
3.427851e+003,2.017804e-002
3.428333e+003,2.010004e-002
3.428815e+003,2.003042e-002
3.429297e+003,1.997525e-002
3.429779e+003,1.993699e-002
3.430261e+003,1.991409e-002
3.430743e+003,1.990204e-002
3.431225e+003,1.989555e-002
3.431708e+003,1.989004e-002
3.432189e+003,1.988090e-002
3.432672e+003,1.986567e-002
3.433154e+003,1.984202e-002
3.433636e+003,1.980834e-002
3.434118e+003,1.976371e-002
3.434600e+003,1.970936e-002
3.435082e+003,1.964720e-002
3.435564e+003,1.958075e-002
3.436046e+003,1.951488e-002
3.436529e+003,1.945231e-002
3.437011e+003,1.939462e-002
3.437493e+003,1.934158e-002
3.437975e+003,1.929253e-002
3.438457e+003,1.924671e-002
3.438939e+003,1.920517e-002
3.439421e+003,1.917037e-002
3.439903e+003,1.914576e-002
3.440386e+003,1.913243e-002
3.440868e+003,1.912911e-002
3.441350e+003,1.913066e-002
3.441832e+003,1.912906e-002
3.442314e+003,1.911558e-002
3.442796e+003,1.908348e-002
3.443278e+003,1.902976e-002
3.443760e+003,1.895665e-002
3.444243e+003,1.886864e-002
3.444725e+003,1.877336e-002
3.445207e+003,1.867799e-002
3.445689e+003,1.858837e-002
3.446171e+003,1.850984e-002
3.446653e+003,1.844620e-002
3.447135e+003,1.840030e-002
3.447617e+003,1.837371e-002
3.448100e+003,1.836610e-002
3.448582e+003,1.837381e-002
3.449063e+003,1.838992e-002
3.449546e+003,1.840670e-002
3.450028e+003,1.841556e-002
3.450510e+003,1.841000e-002
3.450992e+003,1.838814e-002
3.451474e+003,1.835052e-002
3.451957e+003,1.829965e-002
3.452438e+003,1.823821e-002
3.452920e+003,1.816759e-002
3.453403e+003,1.808647e-002
3.453885e+003,1.799358e-002
3.454367e+003,1.788929e-002
3.454849e+003,1.777773e-002
3.455331e+003,1.766701e-002
3.455813e+003,1.756752e-002
3.456295e+003,1.748765e-002
3.456777e+003,1.743144e-002
3.457260e+003,1.739497e-002
3.457742e+003,1.736914e-002
3.458224e+003,1.734034e-002
3.458706e+003,1.729794e-002
3.459188e+003,1.723637e-002
3.459670e+003,1.715772e-002
3.460152e+003,1.707169e-002
3.460634e+003,1.699089e-002
3.461117e+003,1.692693e-002
3.461599e+003,1.688534e-002
3.462081e+003,1.686475e-002
3.462563e+003,1.685739e-002
3.463045e+003,1.685150e-002
3.463527e+003,1.683602e-002
3.464009e+003,1.680300e-002
3.464491e+003,1.674997e-002
3.464974e+003,1.668029e-002
3.465456e+003,1.660005e-002
3.465938e+003,1.651795e-002
3.466420e+003,1.644168e-002
3.466902e+003,1.637708e-002
3.467384e+003,1.632738e-002
3.467866e+003,1.629226e-002
3.468348e+003,1.626945e-002
3.468831e+003,1.625433e-002
3.469313e+003,1.624146e-002
3.469794e+003,1.622602e-002
3.470277e+003,1.620422e-002
3.470759e+003,1.617418e-002
3.471241e+003,1.613682e-002
3.471723e+003,1.609464e-002
3.472205e+003,1.605235e-002
3.472688e+003,1.601418e-002
3.473169e+003,1.598333e-002
3.473651e+003,1.596171e-002
3.474134e+003,1.594752e-002
3.474616e+003,1.593583e-002
3.475098e+003,1.591974e-002
3.475580e+003,1.589027e-002
3.476062e+003,1.583863e-002
3.476544e+003,1.575829e-002
3.477026e+003,1.564703e-002
3.477508e+003,1.550924e-002
3.477991e+003,1.535380e-002
3.478473e+003,1.519434e-002
3.478955e+003,1.504568e-002
3.479437e+003,1.492011e-002
3.479919e+003,1.482480e-002
3.480401e+003,1.476125e-002
3.480883e+003,1.472614e-002
3.481365e+003,1.471374e-002
3.481848e+003,1.471897e-002
3.482330e+003,1.474040e-002
3.482812e+003,1.477767e-002
3.483294e+003,1.483173e-002
3.483776e+003,1.490054e-002
3.484258e+003,1.497724e-002
3.484740e+003,1.504889e-002
3.485222e+003,1.509992e-002
3.485705e+003,1.511619e-002
3.486187e+003,1.508965e-002
3.486669e+003,1.502084e-002
3.487151e+003,1.491966e-002
3.487633e+003,1.480207e-002
3.488115e+003,1.468424e-002
3.488597e+003,1.457862e-002
3.489079e+003,1.448944e-002
3.489562e+003,1.441456e-002
3.490043e+003,1.434625e-002
3.490526e+003,1.427668e-002
3.491008e+003,1.420046e-002
3.491490e+003,1.411632e-002
3.491972e+003,1.402669e-002
3.492454e+003,1.393435e-002
3.492936e+003,1.384130e-002
3.493418e+003,1.374661e-002
3.493900e+003,1.364799e-002
3.494383e+003,1.354253e-002
3.494865e+003,1.343100e-002
3.495347e+003,1.331772e-002
3.495829e+003,1.321157e-002
3.496311e+003,1.312236e-002
3.496793e+003,1.305852e-002
3.497275e+003,1.302347e-002
3.497757e+003,1.301496e-002
3.498240e+003,1.302445e-002
3.498722e+003,1.304062e-002
3.499204e+003,1.305035e-002
3.499686e+003,1.304447e-002
3.500168e+003,1.301714e-002
3.500650e+003,1.296746e-002
3.501132e+003,1.289921e-002
3.501614e+003,1.281918e-002
3.502097e+003,1.273563e-002
3.502579e+003,1.265601e-002
3.503061e+003,1.258756e-002
3.503543e+003,1.253342e-002
3.504025e+003,1.249416e-002
3.504507e+003,1.246724e-002
3.504989e+003,1.244837e-002
3.505471e+003,1.243255e-002
3.505954e+003,1.241529e-002
3.506436e+003,1.239395e-002
3.506917e+003,1.236838e-002
3.507400e+003,1.233943e-002
3.507882e+003,1.230800e-002
3.508364e+003,1.227562e-002
3.508846e+003,1.224058e-002
3.509328e+003,1.220190e-002
3.509811e+003,1.215755e-002
3.510292e+003,1.210772e-002
3.510774e+003,1.205544e-002
3.511257e+003,1.200458e-002
3.511739e+003,1.196121e-002
3.512221e+003,1.192890e-002
3.512703e+003,1.190890e-002
3.513185e+003,1.189924e-002
3.513667e+003,1.189507e-002
3.514149e+003,1.189007e-002
3.514631e+003,1.188007e-002
3.515114e+003,1.186318e-002
3.515596e+003,1.184001e-002
3.516078e+003,1.181239e-002
3.516560e+003,1.178130e-002
3.517042e+003,1.174510e-002
3.517524e+003,1.169933e-002
3.518006e+003,1.163721e-002
3.518488e+003,1.155355e-002
3.518971e+003,1.144647e-002
3.519453e+003,1.131917e-002
3.519935e+003,1.118128e-002
3.520417e+003,1.104598e-002
3.520899e+003,1.092723e-002
3.521381e+003,1.083666e-002
3.521863e+003,1.078085e-002
3.522345e+003,1.076011e-002
3.522828e+003,1.076939e-002
3.523310e+003,1.079858e-002
3.523792e+003,1.083572e-002
3.524274e+003,1.086939e-002
3.524756e+003,1.088879e-002
3.525238e+003,1.088664e-002
3.525720e+003,1.085987e-002
3.526202e+003,1.081041e-002
3.526685e+003,1.074456e-002
3.527167e+003,1.067276e-002
3.527648e+003,1.060588e-002
3.528131e+003,1.055458e-002
3.528613e+003,1.052376e-002
3.529095e+003,1.051315e-002
3.529577e+003,1.051463e-002
3.530059e+003,1.051531e-002
3.530542e+003,1.050138e-002
3.531023e+003,1.046116e-002
3.531505e+003,1.038947e-002
3.531988e+003,1.028915e-002
3.532470e+003,1.016991e-002
3.532952e+003,1.004532e-002
3.533434e+003,9.929353e-003
3.533916e+003,9.831813e-003
3.534398e+003,9.757654e-003
3.534880e+003,9.705297e-003
3.535362e+003,9.669689e-003
3.535845e+003,9.644200e-003
3.536327e+003,9.623329e-003
3.536809e+003,9.604425e-003
3.537291e+003,9.586900e-003
3.537773e+003,9.571954e-003
3.538255e+003,9.561326e-003
3.538737e+003,9.554778e-003
3.539219e+003,9.550925e-003
3.539702e+003,9.546768e-003
3.540184e+003,9.538913e-003
3.540666e+003,9.524396e-003
3.541148e+003,9.501465e-003
3.541630e+003,9.469579e-003
3.542112e+003,9.429166e-003
3.542594e+003,9.381228e-003
3.543076e+003,9.326721e-003
3.543559e+003,9.266396e-003
3.544041e+003,9.201784e-003
3.544523e+003,9.134481e-003
3.545005e+003,9.065957e-003
3.545487e+003,8.998838e-003
3.545969e+003,8.934933e-003
3.546451e+003,8.876557e-003
3.546933e+003,8.823739e-003
3.547416e+003,8.776296e-003
3.547897e+003,8.733611e-003
3.548380e+003,8.693378e-003
3.548862e+003,8.654390e-003
3.549344e+003,8.614397e-003
3.549826e+003,8.572624e-003
3.550308e+003,8.527915e-003
3.550790e+003,8.479234e-003
3.551272e+003,8.426122e-003
3.551754e+003,8.368058e-003
3.552237e+003,8.304968e-003
3.552719e+003,8.236260e-003
3.553201e+003,8.162944e-003
3.553683e+003,8.086995e-003
3.554165e+003,8.011293e-003
3.554647e+003,7.939497e-003
3.555129e+003,7.875212e-003
3.555611e+003,7.821037e-003
3.556094e+003,7.776940e-003
3.556576e+003,7.739746e-003
3.557058e+003,7.704914e-003
3.557540e+003,7.666155e-003
3.558022e+003,7.618175e-003
3.558504e+003,7.559450e-003
3.558986e+003,7.492752e-003
3.559468e+003,7.425109e-003
3.559951e+003,7.366528e-003
3.560433e+003,7.326930e-003
3.560915e+003,7.312285e-003
3.561397e+003,7.323196e-003
3.561879e+003,7.352433e-003
3.562361e+003,7.387024e-003
3.562843e+003,7.410990e-003
3.563325e+003,7.408869e-003
3.563808e+003,7.370151e-003
3.564290e+003,7.291050e-003
3.564771e+003,7.176521e-003
3.565254e+003,7.038311e-003
3.565736e+003,6.893222e-003
3.566218e+003,6.758369e-003
3.566700e+003,6.648964e-003
3.567182e+003,6.573569e-003
3.567665e+003,6.533932e-003
3.568146e+003,6.525632e-003
3.568628e+003,6.540111e-003
3.569111e+003,6.567638e-003
3.569593e+003,6.599159e-003
3.570075e+003,6.627211e-003
3.570557e+003,6.646626e-003
3.571039e+003,6.654033e-003
3.571521e+003,6.648559e-003
3.572003e+003,6.630436e-003
3.572485e+003,6.601373e-003
3.572968e+003,6.563226e-003
3.573450e+003,6.516888e-003
3.573932e+003,6.462487e-003
3.574414e+003,6.398468e-003
3.574896e+003,6.323979e-003
3.575378e+003,6.239186e-003
3.575860e+003,6.146892e-003
3.576342e+003,6.054468e-003
3.576825e+003,5.971761e-003
3.577307e+003,5.909530e-003
3.577789e+003,5.876705e-003
3.578271e+003,5.876889e-003
3.578753e+003,5.907140e-003
3.579235e+003,5.957101e-003
3.579717e+003,6.013561e-003
3.580199e+003,6.060941e-003
3.580682e+003,6.087867e-003
3.581164e+003,6.087247e-003
3.581646e+003,6.059709e-003
3.582128e+003,6.009896e-003
3.582610e+003,5.945889e-003
3.583092e+003,5.874773e-003
3.583574e+003,5.801839e-003
3.584056e+003,5.729424e-003
3.584539e+003,5.658119e-003
3.585021e+003,5.588376e-003
3.585502e+003,5.521098e-003
3.585985e+003,5.459699e-003
3.586467e+003,5.408057e-003
3.586949e+003,5.369033e-003
3.587431e+003,5.341950e-003
3.587913e+003,5.322970e-003
3.588396e+003,5.304376e-003
3.588877e+003,5.278101e-003
3.589359e+003,5.238184e-003
3.589842e+003,5.183619e-003
3.590324e+003,5.116762e-003
3.590806e+003,5.042816e-003
3.591288e+003,4.966428e-003
3.591770e+003,4.890825e-003
3.592252e+003,4.817695e-003
3.592734e+003,4.746722e-003
3.593216e+003,4.678290e-003
3.593699e+003,4.613878e-003
3.594181e+003,4.557098e-003
3.594663e+003,4.511437e-003
3.595145e+003,4.480456e-003
3.595627e+003,4.466177e-003
3.596109e+003,4.466819e-003
3.596591e+003,4.478917e-003
3.597073e+003,4.497197e-003
3.597556e+003,4.517077e-003
3.598038e+003,4.535453e-003
3.598520e+003,4.551604e-003
3.599002e+003,4.565461e-003
3.599484e+003,4.578892e-003
3.599966e+003,4.591455e-003
3.600448e+003,4.600703e-003
3.600930e+003,4.602310e-003
3.601413e+003,4.591417e-003
3.601895e+003,4.564835e-003
3.602377e+003,4.522654e-003
3.602859e+003,4.469755e-003
3.603341e+003,4.413879e-003
3.603823e+003,4.364528e-003
3.604305e+003,4.328580e-003
3.604787e+003,4.308401e-003
3.605270e+003,4.300025e-003
3.605751e+003,4.294429e-003
3.606234e+003,4.279917e-003
3.606716e+003,4.245856e-003
3.607198e+003,4.187282e-003
3.607680e+003,4.106408e-003
3.608162e+003,4.011930e-003
3.608644e+003,3.916064e-003
3.609126e+003,3.829886e-003
3.609608e+003,3.760027e-003
3.610091e+003,3.706070e-003
3.610573e+003,3.661507e-003
3.611055e+003,3.617617e-003
3.611537e+003,3.565460e-003
3.612019e+003,3.501452e-003
3.612501e+003,3.428150e-003
3.612983e+003,3.354658e-003
3.613465e+003,3.291586e-003
3.613948e+003,3.248012e-003
3.614430e+003,3.227199e-003
3.614912e+003,3.226786e-003
3.615394e+003,3.238066e-003
3.615876e+003,3.250758e-003
3.616358e+003,3.256054e-003
3.616840e+003,3.249849e-003
3.617322e+003,3.234058e-003
3.617805e+003,3.215202e-003
3.618287e+003,3.201177e-003
3.618769e+003,3.198473e-003
3.619251e+003,3.208217e-003
3.619733e+003,3.226549e-003
3.620215e+003,3.245844e-003
3.620697e+003,3.258263e-003
3.621179e+003,3.258026e-003
3.621662e+003,3.242392e-003
3.622144e+003,3.210759e-003
3.622625e+003,3.162856e-003
3.623108e+003,3.097047e-003
3.623590e+003,3.012152e-003
3.624072e+003,2.906212e-003
3.624554e+003,2.780698e-003
3.625036e+003,2.640786e-003
3.625519e+003,2.495031e-003
3.626000e+003,2.353942e-003
3.626482e+003,2.227513e-003
3.626965e+003,2.122822e-003
3.627447e+003,2.045258e-003
3.627929e+003,1.997683e-003
3.628411e+003,1.980823e-003
3.628893e+003,1.990358e-003
3.629375e+003,2.014902e-003
3.629857e+003,2.040659e-003
3.630339e+003,2.057893e-003
3.630822e+003,2.066066e-003
3.631304e+003,2.070996e-003
3.631786e+003,2.080658e-003
3.632268e+003,2.099731e-003
3.632750e+003,2.126872e-003
3.633232e+003,2.155611e-003
3.633714e+003,2.176612e-003
3.634196e+003,2.179551e-003
3.634679e+003,2.157262e-003
3.635161e+003,2.107899e-003
3.635643e+003,2.035260e-003
3.636125e+003,1.949519e-003
3.636607e+003,1.864693e-003
3.637089e+003,1.794682e-003
3.637571e+003,1.749951e-003
3.638053e+003,1.735068e-003
3.638536e+003,1.747525e-003
3.639018e+003,1.777158e-003
3.639500e+003,1.810218e-003
3.639982e+003,1.832033e-003
3.640464e+003,1.831283e-003
3.640946e+003,1.802547e-003
3.641428e+003,1.746771e-003
3.641910e+003,1.670300e-003
3.642393e+003,1.582351e-003
3.642875e+003,1.492867e-003
3.643357e+003,1.409520e-003
3.643839e+003,1.337712e-003
3.644321e+003,1.280827e-003
3.644803e+003,1.241598e-003
3.645285e+003,1.221526e-003
3.645767e+003,1.222112e-003
3.646250e+003,1.243626e-003
3.646731e+003,1.283679e-003
3.647214e+003,1.336049e-003
3.647696e+003,1.390612e-003
3.648178e+003,1.435215e-003
3.648660e+003,1.458275e-003
3.649142e+003,1.451766e-003
3.649624e+003,1.414748e-003
3.650106e+003,1.350254e-003
3.650588e+003,1.266403e-003
3.651071e+003,1.171258e-003
3.651553e+003,1.073215e-003
3.652035e+003,9.804140e-004
3.652517e+003,8.989110e-004
3.652999e+003,8.335899e-004
3.653481e+003,7.873834e-004
3.653963e+003,7.608148e-004
3.654445e+003,7.536284e-004
3.654928e+003,7.655025e-004
3.655410e+003,7.961849e-004
3.655892e+003,8.434720e-004
3.656374e+003,9.036031e-004
3.656856e+003,9.691695e-004
3.657338e+003,1.031912e-003
3.657820e+003,1.084210e-003
3.658302e+003,1.121432e-003
3.658785e+003,1.141283e-003
3.659267e+003,1.143620e-003
3.659749e+003,1.129341e-003
3.660231e+003,1.099739e-003
3.660713e+003,1.057542e-003
3.661195e+003,1.006528e-003
3.661677e+003,9.502124e-004
3.662159e+003,8.923140e-004
3.662642e+003,8.352451e-004
3.663124e+003,7.801840e-004
3.663605e+003,7.270653e-004
3.664088e+003,6.760872e-004
3.664570e+003,6.285521e-004
3.665052e+003,5.885047e-004
3.665534e+003,5.617481e-004
3.666016e+003,5.545481e-004
3.666499e+003,5.705617e-004
3.666980e+003,6.085640e-004
3.667462e+003,6.624367e-004
3.667945e+003,7.198674e-004
3.668427e+003,7.674157e-004
3.668909e+003,7.939178e-004
3.669391e+003,7.923001e-004
3.669873e+003,7.609133e-004
3.670355e+003,7.005822e-004
3.670837e+003,6.144997e-004
3.671319e+003,5.082719e-004
3.671802e+003,3.900701e-004
3.672284e+003,2.704759e-004
3.672766e+003,1.587751e-004
3.673248e+003,6.215202e-005
3.673730e+003,-1.357979e-005
3.674212e+003,-6.234782e-005
3.674694e+003,-7.566033e-005
3.675176e+003,-4.817557e-005
3.675659e+003,1.540718e-005
3.676141e+003,9.787831e-005
3.676623e+003,1.776325e-004
3.677105e+003,2.380845e-004
3.677587e+003,2.736626e-004
3.678069e+003,2.880811e-004
3.678551e+003,2.895585e-004
3.679033e+003,2.860035e-004
3.679516e+003,2.809416e-004
3.679998e+003,2.735266e-004
3.680479e+003,2.598313e-004
3.680962e+003,2.350813e-004
3.681444e+003,1.964570e-004
3.681926e+003,1.442181e-004
3.682408e+003,8.385552e-005
3.682890e+003,2.439977e-005
3.683373e+003,-2.420503e-005
3.683854e+003,-5.246666e-005
3.684336e+003,-5.344775e-005
3.684819e+003,-2.597271e-005
3.685301e+003,2.545260e-005
3.685783e+003,9.050599e-005
3.686265e+003,1.547311e-004
3.686747e+003,2.031394e-004
3.687229e+003,2.245870e-004
3.687711e+003,2.156518e-004
3.688193e+003,1.826044e-004
3.688676e+003,1.374264e-004
3.689158e+003,9.649477e-005
3.689640e+003,7.304861e-005
3.690122e+003,7.449675e-005
3.690604e+003,1.006513e-004
3.691086e+003,1.424790e-004
3.691568e+003,1.855036e-004
3.692050e+003,2.143839e-004
3.692533e+003,2.181599e-004
3.693015e+003,1.945187e-004
3.693497e+003,1.505983e-004
3.693979e+003,9.905396e-005
3.694461e+003,5.432094e-005
3.694943e+003,2.716307e-005
3.695425e+003,2.099797e-005
3.695907e+003,3.281365e-005
3.696390e+003,5.474187e-005
3.696872e+003,7.700665e-005
3.697354e+003,9.153296e-005
3.697836e+003,9.181403e-005
3.698318e+003,7.416303e-005
3.698800e+003,3.600561e-005
3.699282e+003,-2.444806e-005
3.699764e+003,-1.069501e-004
3.700247e+003,-2.072192e-004
3.700729e+003,-3.166905e-004
3.701211e+003,-4.213311e-004
3.701693e+003,-5.061392e-004
3.702175e+003,-5.580434e-004
3.702657e+003,-5.697219e-004
3.703139e+003,-5.431860e-004
3.703621e+003,-4.871309e-004
3.704104e+003,-4.158083e-004
3.704585e+003,-3.451619e-004
3.705068e+003,-2.884459e-004
3.705550e+003,-2.549228e-004
3.706032e+003,-2.486120e-004
3.706514e+003,-2.693968e-004
3.706996e+003,-3.136705e-004
3.707478e+003,-3.757116e-004
3.707960e+003,-4.479453e-004
3.708442e+003,-5.210805e-004
3.708925e+003,-5.856315e-004
3.709407e+003,-6.329124e-004
3.709889e+003,-6.562917e-004
3.710371e+003,-6.543439e-004
3.710853e+003,-6.298505e-004
3.711335e+003,-5.888063e-004
3.711817e+003,-5.394313e-004
3.712299e+003,-4.890828e-004
3.712782e+003,-4.412374e-004
3.713264e+003,-3.957577e-004
3.713746e+003,-3.517858e-004
3.714228e+003,-3.095852e-004
3.714710e+003,-2.748871e-004
3.715192e+003,-2.576454e-004
3.715674e+003,-2.714527e-004
3.716156e+003,-3.258942e-004
3.716639e+003,-4.231663e-004
3.717121e+003,-5.544195e-004
3.717603e+003,-7.020628e-004
3.718085e+003,-8.444071e-004
3.718567e+003,-9.624371e-004
3.719049e+003,-1.044707e-003
3.719531e+003,-1.090354e-003
3.720013e+003,-1.105760e-003
3.720496e+003,-1.101108e-003
3.720978e+003,-1.086021e-003
3.721459e+003,-1.065828e-003
3.721942e+003,-1.042034e-003
3.722424e+003,-1.014044e-003
3.722906e+003,-9.811340e-004
3.723388e+003,-9.464075e-004
3.723870e+003,-9.154661e-004
3.724353e+003,-8.959522e-004
3.724834e+003,-8.942513e-004
3.725316e+003,-9.134511e-004
3.725799e+003,-9.515563e-004
3.726281e+003,-1.001952e-003
3.726763e+003,-1.053338e-003
3.727245e+003,-1.092652e-003
3.727727e+003,-1.107842e-003
3.728209e+003,-1.090378e-003
3.728691e+003,-1.037343e-003
3.729173e+003,-9.549107e-004
3.729656e+003,-8.583173e-004
3.730138e+003,-7.694342e-004
3.730620e+003,-7.105948e-004
3.731102e+003,-6.986820e-004
3.731584e+003,-7.383829e-004
3.732066e+003,-8.209018e-004
3.732548e+003,-9.247987e-004
3.733030e+003,-1.022558e-003
3.733513e+003,-1.088956e-003
3.733995e+003,-1.107221e-003
3.734477e+003,-1.072432e-003
3.734959e+003,-9.931172e-004
3.735441e+003,-8.869854e-004
3.735923e+003,-7.766450e-004
3.736405e+003,-6.831068e-004
3.736887e+003,-6.213939e-004
3.737370e+003,-5.957257e-004
3.737852e+003,-6.011514e-004
3.738333e+003,-6.253824e-004
3.738816e+003,-6.557282e-004
3.739298e+003,-6.794313e-004
3.739780e+003,-6.883036e-004
3.740262e+003,-6.762758e-004
3.740744e+003,-6.417790e-004
3.741227e+003,-5.878656e-004
3.741708e+003,-5.247184e-004
3.742190e+003,-4.668074e-004
3.742673e+003,-4.295329e-004
3.743155e+003,-4.208287e-004
3.743637e+003,-4.345402e-004
3.744119e+003,-4.537217e-004
3.744601e+003,-4.605052e-004
3.745083e+003,-4.464287e-004
3.745565e+003,-4.120311e-004
3.746047e+003,-3.614841e-004
3.746530e+003,-3.018010e-004
3.747012e+003,-2.442313e-004
3.747494e+003,-2.038084e-004
3.747976e+003,-1.937952e-004
3.748458e+003,-2.190508e-004
3.748940e+003,-2.713652e-004
3.749422e+003,-3.324276e-004
3.749904e+003,-3.794767e-004
3.750387e+003,-3.967967e-004
3.750869e+003,-3.788995e-004
3.751351e+003,-3.342874e-004
3.751833e+003,-2.805328e-004
3.752315e+003,-2.388566e-004
3.752797e+003,-2.277782e-004
3.753279e+003,-2.561485e-004
3.753761e+003,-3.207985e-004
3.754244e+003,-4.089064e-004
3.754726e+003,-5.021828e-004
3.755208e+003,-5.846675e-004
3.755690e+003,-6.461977e-004
3.756172e+003,-6.852654e-004
3.756654e+003,-7.079357e-004
3.757136e+003,-7.243174e-004
3.757618e+003,-7.450380e-004
3.758101e+003,-7.777258e-004
3.758583e+003,-8.227589e-004
3.759065e+003,-8.744692e-004
3.759547e+003,-9.219425e-004
3.760029e+003,-9.528246e-004
3.760511e+003,-9.581053e-004
3.760993e+003,-9.350989e-004
3.761475e+003,-8.872235e-004
3.761958e+003,-8.241224e-004
3.762439e+003,-7.566786e-004
3.762922e+003,-6.949063e-004
3.763404e+003,-6.449664e-004
3.763886e+003,-6.077802e-004
3.764368e+003,-5.798886e-004
3.764850e+003,-5.566416e-004
3.765332e+003,-5.347865e-004
3.765814e+003,-5.161930e-004
3.766296e+003,-5.070507e-004
3.766779e+003,-5.147489e-004
3.767261e+003,-5.454095e-004
3.767743e+003,-5.985623e-004
3.768225e+003,-6.686660e-004
3.768707e+003,-7.433155e-004
3.769189e+003,-8.075827e-004
3.769671e+003,-8.473634e-004
3.770153e+003,-8.543044e-004
3.770636e+003,-8.266516e-004
3.771118e+003,-7.691617e-004
3.771600e+003,-6.902278e-004
3.772082e+003,-5.996213e-004
3.772564e+003,-5.070364e-004
3.773046e+003,-4.201077e-004
3.773528e+003,-3.462114e-004
3.774010e+003,-2.885410e-004
3.774493e+003,-2.493009e-004
3.774975e+003,-2.274348e-004
3.775457e+003,-2.198215e-004
3.775939e+003,-2.230026e-004
3.776421e+003,-2.328493e-004
3.776903e+003,-2.460300e-004
3.777385e+003,-2.608120e-004
3.777867e+003,-2.767282e-004
3.778350e+003,-2.923105e-004
3.778832e+003,-3.059566e-004
3.779313e+003,-3.153969e-004
3.779796e+003,-3.189632e-004
3.780278e+003,-3.160554e-004
3.780760e+003,-3.075422e-004
3.781242e+003,-2.965610e-004
3.781724e+003,-2.866501e-004
3.782207e+003,-2.818159e-004
3.782688e+003,-2.855981e-004
3.783170e+003,-2.989985e-004
3.783653e+003,-3.201458e-004
3.784135e+003,-3.446935e-004
3.784617e+003,-3.648216e-004
3.785099e+003,-3.744492e-004
3.785581e+003,-3.664974e-004
3.786063e+003,-3.384342e-004
3.786545e+003,-2.903971e-004
3.787027e+003,-2.270613e-004
3.787510e+003,-1.571041e-004
3.787992e+003,-9.180946e-005
3.788474e+003,-4.193724e-005
3.788956e+003,-1.599010e-005
3.789438e+003,-1.652963e-005
3.789920e+003,-3.975989e-005
3.790402e+003,-7.497927e-005
3.790884e+003,-1.075243e-004
3.791367e+003,-1.242017e-004
3.791849e+003,-1.164406e-004
3.792331e+003,-8.330359e-005
3.792813e+003,-3.362146e-005
3.793295e+003,1.788669e-005
3.793777e+003,5.441060e-005
3.794259e+003,6.286788e-005
3.794741e+003,3.834548e-005
3.795224e+003,-1.434909e-005
3.795706e+003,-8.181558e-005
3.796188e+003,-1.462675e-004
3.796670e+003,-1.926745e-004
3.797152e+003,-2.099690e-004
3.797634e+003,-1.968907e-004
3.798116e+003,-1.575982e-004
3.798598e+003,-1.024839e-004
3.799081e+003,-4.548159e-005
3.799563e+003,1.393433e-013
3.800044e+003,2.651022e-005
3.800527e+003,3.121429e-005
3.801009e+003,2.027606e-005
3.801491e+003,4.678350e-011
3.801973e+003,-1.934231e-005
3.802455e+003,-3.748014e-005
3.802938e+003,-5.112083e-005
3.803419e+003,-5.676900e-005
3.803901e+003,-5.354982e-005
3.804384e+003,-4.199820e-005
3.804866e+003,-2.728600e-005
3.805348e+003,-1.525834e-005
3.805830e+003,-2.317508e-006
3.806312e+003,-2.078260e-006
3.806794e+003,-6.343133e-006
3.807276e+003,-1.425970e-005
3.807758e+003,-1.903850e-005
3.808241e+003,-2.920192e-005
3.808723e+003,-4.818462e-005
3.809205e+003,-7.794196e-005
3.809687e+003,-1.170622e-004
3.810169e+003,-1.610334e-004
3.810651e+003,-2.027148e-004
3.811133e+003,-2.334181e-004
3.811615e+003,-2.445941e-004
3.812098e+003,-2.316714e-004
3.812580e+003,-1.959999e-004
3.813062e+003,-1.455877e-004
3.813544e+003,-9.415897e-005
3.814026e+003,-5.652317e-005
3.814508e+003,-4.440886e-005
3.814990e+003,-6.140674e-005
3.815472e+003,-1.031532e-004
3.815955e+003,-1.594070e-004
3.816437e+003,-2.193758e-004
3.816919e+003,-2.740847e-004
3.817401e+003,-3.171245e-004
3.817883e+003,-3.458680e-004
3.818365e+003,-3.625459e-004
3.818847e+003,-3.741758e-004
3.819329e+003,-3.897941e-004
3.819812e+003,-4.151295e-004
3.820293e+003,-4.492963e-004
3.820776e+003,-4.837882e-004
3.821258e+003,-5.099697e-004
3.821740e+003,-5.219788e-004
3.822222e+003,-5.203651e-004
3.822704e+003,-5.091132e-004
3.823186e+003,-4.922035e-004
3.823668e+003,-4.730073e-004
3.824150e+003,-4.548279e-004
3.824633e+003,-4.394838e-004
3.825115e+003,-4.267700e-004
3.825597e+003,-4.143907e-004
3.826079e+003,-3.998496e-004
3.826561e+003,-3.820681e-004
3.827043e+003,-3.626688e-004
3.827525e+003,-3.474589e-004
3.828007e+003,-3.413676e-004
3.828490e+003,-3.475702e-004
3.828972e+003,-3.655252e-004
3.829454e+003,-3.897590e-004
3.829936e+003,-4.145265e-004
3.830418e+003,-4.335438e-004
3.830900e+003,-4.445848e-004
3.831382e+003,-4.487349e-004
3.831864e+003,-4.514705e-004
3.832347e+003,-4.567753e-004
3.832829e+003,-4.654569e-004
3.833311e+003,-4.748049e-004
3.833793e+003,-4.776524e-004
3.834275e+003,-4.673100e-004
3.834757e+003,-4.395276e-004
3.835239e+003,-3.965425e-004
3.835721e+003,-3.449120e-004
3.836204e+003,-2.938245e-004
3.836686e+003,-2.508475e-004
3.837167e+003,-2.190893e-004
3.837650e+003,-1.962518e-004
3.838132e+003,-1.780749e-004
3.838614e+003,-1.598913e-004
3.839096e+003,-1.393330e-004
3.839578e+003,-1.176865e-004
3.840061e+003,-9.806579e-005
3.840542e+003,-8.284199e-005
3.841024e+003,-7.343911e-005
3.841507e+003,-6.911462e-005
3.841989e+003,-6.797320e-005
3.842471e+003,-6.757674e-005
3.842953e+003,-6.853574e-005
3.843435e+003,-7.173244e-005
3.843917e+003,-7.967625e-005
3.844399e+003,-9.291110e-005
3.844881e+003,-1.096739e-004
3.845364e+003,-1.254879e-004
3.845846e+003,-1.349252e-004
3.846328e+003,-1.339838e-004
3.846810e+003,-1.217133e-004
3.847292e+003,-1.019801e-004
3.847774e+003,-7.932630e-005
3.848256e+003,-5.714390e-005
3.848738e+003,-3.502335e-005
3.849221e+003,-6.941606e-007
3.849703e+003,3.367676e-005
3.850185e+003,9.466278e-005
3.850667e+003,1.748940e-004
3.851149e+003,2.663016e-004
3.851631e+003,3.546313e-004
3.852113e+003,4.258781e-004
3.852595e+003,4.732303e-004
3.853078e+003,4.963932e-004
3.853560e+003,4.954858e-004
3.854042e+003,4.660669e-004
3.854524e+003,4.022639e-004
3.855006e+003,3.048761e-004
3.855488e+003,1.842408e-004
3.855970e+003,5.738242e-005
3.856452e+003,-5.827439e-005
3.856935e+003,-1.499770e-004
3.857417e+003,-2.123270e-004
3.857899e+003,-2.456039e-004
3.858381e+003,-2.550599e-004
3.858863e+003,-2.494129e-004
3.859345e+003,-2.365583e-004
3.859827e+003,-2.233675e-004
3.860309e+003,-2.126287e-004
3.860792e+003,-2.046124e-004
3.861273e+003,-1.974799e-004
3.861756e+003,-1.893249e-004
3.862238e+003,-1.801479e-004
3.862720e+003,-1.723324e-004
3.863202e+003,-1.676488e-004
3.863684e+003,-1.672550e-004
3.864166e+003,-1.673347e-004
3.864648e+003,-1.629149e-004
3.865130e+003,-1.465001e-004
3.865613e+003,-1.129822e-004
3.866095e+003,-6.051725e-005
3.866577e+003,9.932990e-007
3.867059e+003,8.454159e-005
3.867541e+003,1.586836e-004
3.868023e+003,2.210582e-004
3.868505e+003,2.657853e-004
3.868987e+003,2.952440e-004
3.869470e+003,3.159728e-004
3.869952e+003,3.345247e-004
3.870434e+003,3.519208e-004
3.870916e+003,3.649548e-004
3.871398e+003,3.684302e-004
3.871880e+003,3.587230e-004
3.872362e+003,3.352081e-004
3.872844e+003,2.991114e-004
3.873327e+003,2.545270e-004
3.873809e+003,2.073332e-004
3.874291e+003,1.620410e-004
3.874773e+003,1.226866e-004
3.875255e+003,9.002349e-005
3.875737e+003,6.514808e-005
3.876219e+003,4.765189e-005
3.876701e+003,3.787900e-005
3.877184e+003,3.501075e-005
3.877666e+003,3.706613e-005
3.878147e+003,4.076352e-005
3.878630e+003,4.377787e-005
3.879112e+003,4.487730e-005
3.879594e+003,4.488228e-005
3.880076e+003,4.529765e-005
3.880558e+003,4.783462e-005
3.881041e+003,5.269906e-005
3.881522e+003,5.968659e-005
3.882004e+003,6.818159e-005
3.882487e+003,7.900632e-005
3.882969e+003,9.442091e-005
3.883451e+003,1.163449e-004
3.883933e+003,1.472464e-004
3.884415e+003,1.876783e-004
3.884897e+003,2.373035e-004
3.885379e+003,2.920869e-004
3.885861e+003,3.433289e-004
3.886344e+003,3.799923e-004
3.886826e+003,3.931511e-004
3.887308e+003,3.827900e-004
3.887790e+003,3.562333e-004
3.888272e+003,3.258918e-004
3.888754e+003,3.047998e-004
3.889236e+003,2.999617e-004
3.889718e+003,3.118647e-004
3.890201e+003,3.349600e-004
3.890683e+003,3.599187e-004
3.891165e+003,3.780248e-004
3.891647e+003,3.825440e-004
3.892129e+003,3.716148e-004
3.892611e+003,3.481121e-004
3.893093e+003,3.175267e-004
3.893575e+003,2.850082e-004
3.894058e+003,2.532371e-004
3.894540e+003,2.226260e-004
3.895021e+003,1.922145e-004
3.895504e+003,1.621397e-004
3.895986e+003,1.349447e-004
3.896468e+003,1.157156e-004
3.896950e+003,1.085787e-004
3.897432e+003,1.166302e-004
3.897915e+003,1.365767e-004
3.898396e+003,1.603794e-004
3.898878e+003,1.788963e-004
3.899361e+003,1.819460e-004
3.899843e+003,1.664950e-004
3.900325e+003,1.355620e-004
3.900807e+003,9.911790e-005
3.901289e+003,6.961443e-005
3.901771e+003,5.916279e-005
3.902253e+003,7.251493e-005
3.902735e+003,1.077521e-004
3.903218e+003,1.540109e-004
3.903700e+003,1.973260e-004
3.904182e+003,2.245472e-004
3.904664e+003,2.274026e-004
3.905146e+003,2.064295e-004
3.905628e+003,1.698147e-004
3.906110e+003,1.321566e-004
3.906592e+003,1.081287e-004
3.907075e+003,1.091690e-004
3.907557e+003,1.391419e-004
3.908039e+003,1.946133e-004
3.908521e+003,2.656063e-004
3.909003e+003,3.401403e-004
3.909485e+003,4.080184e-004
3.909967e+003,4.626165e-004
3.910449e+003,5.031670e-004
3.910932e+003,5.331766e-004
3.911414e+003,5.578144e-004
3.911896e+003,5.807342e-004
3.912378e+003,6.025591e-004
3.912860e+003,6.210114e-004
3.913342e+003,6.302231e-004
3.913824e+003,6.251452e-004
3.914306e+003,6.036980e-004
3.914789e+003,5.664922e-004
3.915271e+003,5.184953e-004
3.915753e+003,4.675099e-004
3.916235e+003,4.213453e-004
3.916717e+003,3.860147e-004
3.917199e+003,3.640107e-004
3.917681e+003,3.560971e-004
3.918163e+003,3.604826e-004
3.918646e+003,3.757887e-004
3.919127e+003,3.993945e-004
3.919610e+003,4.300588e-004
3.920092e+003,4.642615e-004
3.920574e+003,4.970257e-004
3.921056e+003,5.228196e-004
3.921538e+003,5.367262e-004
3.922020e+003,5.358325e-004
3.922502e+003,5.227573e-004
3.922984e+003,5.033077e-004
3.923467e+003,4.875837e-004
3.923949e+003,4.845177e-004
3.924431e+003,4.999988e-004
3.924913e+003,5.334856e-004
3.925395e+003,5.785500e-004
3.925877e+003,6.247467e-004
3.926359e+003,6.609240e-004
3.926841e+003,6.797318e-004
3.927324e+003,6.799767e-004
3.927806e+003,6.642111e-004
3.928288e+003,6.395631e-004
3.928770e+003,6.126170e-004
3.929252e+003,5.876009e-004
3.929734e+003,5.656977e-004
3.930216e+003,5.448980e-004
3.930698e+003,5.212510e-004
3.931181e+003,4.934360e-004
3.931663e+003,4.621455e-004
3.932145e+003,4.312608e-004
3.932627e+003,4.066792e-004
3.933109e+003,3.931883e-004
3.933591e+003,3.944698e-004
3.934073e+003,4.112915e-004
3.934555e+003,4.408167e-004
3.935038e+003,4.797893e-004
3.935520e+003,5.239827e-004
3.936001e+003,5.688182e-004
3.936484e+003,6.108265e-004
3.936966e+003,6.476442e-004
3.937448e+003,6.762836e-004
3.937930e+003,6.943758e-004
3.938412e+003,6.996924e-004
3.938895e+003,6.913195e-004
3.939376e+003,6.704316e-004
3.939858e+003,6.413299e-004
3.940341e+003,6.095736e-004
3.940823e+003,5.825303e-004
3.941305e+003,5.664622e-004
3.941787e+003,5.656842e-004
3.942269e+003,5.806931e-004
3.942751e+003,6.077416e-004
3.943233e+003,6.396059e-004
3.943715e+003,6.678012e-004
3.944198e+003,6.832122e-004
3.944680e+003,6.790072e-004
3.945162e+003,6.519725e-004
3.945644e+003,6.021627e-004
3.946126e+003,5.340949e-004
3.946608e+003,4.554919e-004
3.947090e+003,3.770089e-004
3.947572e+003,3.102060e-004
3.948055e+003,2.658098e-004
3.948537e+003,2.512034e-004
3.949019e+003,2.688300e-004
3.949501e+003,3.153571e-004
3.949983e+003,3.808419e-004
3.950465e+003,4.534567e-004
3.950947e+003,5.209495e-004
3.951429e+003,5.730041e-004
3.951912e+003,6.050101e-004
3.952394e+003,6.180658e-004
3.952875e+003,6.170404e-004
3.953358e+003,6.084791e-004
3.953840e+003,5.982392e-004
3.954322e+003,5.886217e-004
3.954804e+003,5.792814e-004
3.955286e+003,5.670784e-004
3.955769e+003,5.492218e-004
3.956250e+003,5.243115e-004
3.956732e+003,4.942296e-004
3.957215e+003,4.619741e-004
3.957697e+003,4.317334e-004
3.958179e+003,4.073467e-004
3.958661e+003,3.907021e-004
3.959143e+003,3.819409e-004
3.959625e+003,3.814152e-004
3.960107e+003,3.894753e-004
3.960589e+003,4.091274e-004
3.961072e+003,4.415625e-004
3.961554e+003,4.883945e-004
3.962036e+003,5.476064e-004
3.962518e+003,6.144594e-004
3.963000e+003,6.807152e-004
3.963482e+003,7.372207e-004
3.963964e+003,7.770460e-004
3.964446e+003,7.961929e-004
3.964929e+003,7.953423e-004
3.965411e+003,7.784689e-004
3.965893e+003,7.522084e-004
3.966375e+003,7.218770e-004
3.966857e+003,6.922308e-004
3.967339e+003,6.663529e-004
3.967821e+003,6.454340e-004
3.968303e+003,6.308779e-004
3.968786e+003,6.235263e-004
3.969268e+003,6.231043e-004
3.969750e+003,6.286338e-004
3.970232e+003,6.371792e-004
3.970714e+003,6.448194e-004
3.971196e+003,6.467223e-004
3.971678e+003,6.402202e-004
3.972160e+003,6.261499e-004
3.972643e+003,6.077980e-004
3.973125e+003,5.909799e-004
3.973607e+003,5.807409e-004
3.974089e+003,5.804506e-004
3.974571e+003,5.887819e-004
3.975053e+003,6.011851e-004
3.975535e+003,6.112815e-004
3.976017e+003,6.136716e-004
3.976500e+003,6.059639e-004
3.976981e+003,5.898366e-004
3.977464e+003,5.705438e-004
3.977946e+003,5.553106e-004
3.978428e+003,5.501711e-004
3.978910e+003,5.581481e-004
3.979392e+003,5.793875e-004
3.979874e+003,6.109508e-004
3.980356e+003,6.480006e-004
3.980838e+003,6.854880e-004
3.981321e+003,7.196206e-004
3.981803e+003,7.482909e-004
3.982285e+003,7.706505e-004
3.982767e+003,7.873288e-004
3.983249e+003,8.002169e-004
3.983731e+003,8.116332e-004
3.984213e+003,8.234028e-004
3.984695e+003,8.366533e-004
3.985178e+003,8.512448e-004
3.985660e+003,8.647216e-004
3.986142e+003,8.731445e-004
3.986624e+003,8.713792e-004
3.987106e+003,8.559697e-004
3.987588e+003,8.252916e-004
3.988070e+003,7.799668e-004
3.988552e+003,7.245638e-004
3.989035e+003,6.644265e-004
3.989517e+003,6.057490e-004
3.989999e+003,5.539510e-004
3.990481e+003,5.121335e-004
3.990963e+003,4.821986e-004
3.991445e+003,4.654876e-004
3.991927e+003,4.626363e-004
3.992409e+003,4.740019e-004
3.992892e+003,4.993070e-004
3.993374e+003,5.369405e-004
3.993855e+003,5.827549e-004
3.994338e+003,6.309130e-004
3.994820e+003,6.745841e-004
3.995302e+003,7.087654e-004
3.995784e+003,7.302068e-004
3.996266e+003,7.400983e-004
3.996749e+003,7.425175e-004
3.997230e+003,7.433831e-004
3.997712e+003,7.476985e-004
3.998195e+003,7.579369e-004
3.998677e+003,7.733256e-004
3.999159e+003,7.908389e-004
3.999641e+003,8.051154e-004
4.000123e+003,8.124864e-004
